wave throughput
1000.0 0.0000000000e+00
1009.0 0.0000000000e+00
1018.0 0.0000000000e+00
1027.0 0.0000000000e+00
1036.0 0.0000000000e+00
1045.0 0.0000000000e+00
1054.0 0.0000000000e+00
1063.0 0.0000000000e+00
1072.0 0.0000000000e+00
1081.0 0.0000000000e+00
1090.0 0.0000000000e+00
1099.0 0.0000000000e+00
1108.0 0.0000000000e+00
1117.0 0.0000000000e+00
1126.0 0.0000000000e+00
1135.0 0.0000000000e+00
1144.0 0.0000000000e+00
1153.0 0.0000000000e+00
1162.0 0.0000000000e+00
1171.0 0.0000000000e+00
1180.0 0.0000000000e+00
1189.0 0.0000000000e+00
1198.0 0.0000000000e+00
1207.0 0.0000000000e+00
1216.0 0.0000000000e+00
1225.0 0.0000000000e+00
1234.0 0.0000000000e+00
1243.0 0.0000000000e+00
1252.0 0.0000000000e+00
1261.0 0.0000000000e+00
1270.0 0.0000000000e+00
1279.0 0.0000000000e+00
1288.0 0.0000000000e+00
1297.0 0.0000000000e+00
1306.0 0.0000000000e+00
1315.0 0.0000000000e+00
1324.0 0.0000000000e+00
1333.0 0.0000000000e+00
1342.0 0.0000000000e+00
1351.0 0.0000000000e+00
1360.0 0.0000000000e+00
1369.0 0.0000000000e+00
1378.0 0.0000000000e+00
1387.0 0.0000000000e+00
1396.0 0.0000000000e+00
1405.0 0.0000000000e+00
1414.0 0.0000000000e+00
1423.0 0.0000000000e+00
1432.0 0.0000000000e+00
1441.0 0.0000000000e+00
1450.0 0.0000000000e+00
1459.0 0.0000000000e+00
1468.0 0.0000000000e+00
1477.0 0.0000000000e+00
1486.0 0.0000000000e+00
1495.0 0.0000000000e+00
1504.0 0.0000000000e+00
1513.0 0.0000000000e+00
1522.0 0.0000000000e+00
1531.0 0.0000000000e+00
1540.0 0.0000000000e+00
1549.0 0.0000000000e+00
1558.0 0.0000000000e+00
1567.0 0.0000000000e+00
1576.0 0.0000000000e+00
1585.0 0.0000000000e+00
1594.0 0.0000000000e+00
1603.0 0.0000000000e+00
1612.0 0.0000000000e+00
1621.0 0.0000000000e+00
1630.0 0.0000000000e+00
1639.0 0.0000000000e+00
1648.0 0.0000000000e+00
1657.0 0.0000000000e+00
1666.0 0.0000000000e+00
1675.0 0.0000000000e+00
1684.0 0.0000000000e+00
1693.0 0.0000000000e+00
1702.0 0.0000000000e+00
1711.0 0.0000000000e+00
1720.0 0.0000000000e+00
1729.0 0.0000000000e+00
1738.0 0.0000000000e+00
1747.0 0.0000000000e+00
1756.0 0.0000000000e+00
1765.0 0.0000000000e+00
1774.0 0.0000000000e+00
1783.0 0.0000000000e+00
1792.0 0.0000000000e+00
1801.0 0.0000000000e+00
1810.0 0.0000000000e+00
1819.0 0.0000000000e+00
1828.0 0.0000000000e+00
1837.0 0.0000000000e+00
1846.0 0.0000000000e+00
1855.0 0.0000000000e+00
1864.0 0.0000000000e+00
1873.0 0.0000000000e+00
1882.0 0.0000000000e+00
1891.0 0.0000000000e+00
1900.0 0.0000000000e+00
1909.0 0.0000000000e+00
1918.0 0.0000000000e+00
1927.0 0.0000000000e+00
1936.0 0.0000000000e+00
1945.0 0.0000000000e+00
1954.0 0.0000000000e+00
1963.0 0.0000000000e+00
1972.0 0.0000000000e+00
1981.0 0.0000000000e+00
1990.0 0.0000000000e+00
1999.0 0.0000000000e+00
2008.0 0.0000000000e+00
2017.0 0.0000000000e+00
2026.0 0.0000000000e+00
2035.0 0.0000000000e+00
2044.0 0.0000000000e+00
2053.0 0.0000000000e+00
2062.0 0.0000000000e+00
2071.0 0.0000000000e+00
2080.0 0.0000000000e+00
2089.0 0.0000000000e+00
2098.0 0.0000000000e+00
2107.0 0.0000000000e+00
2116.0 0.0000000000e+00
2125.0 0.0000000000e+00
2134.0 0.0000000000e+00
2143.0 0.0000000000e+00
2152.0 0.0000000000e+00
2161.0 0.0000000000e+00
2170.0 0.0000000000e+00
2179.0 0.0000000000e+00
2188.0 0.0000000000e+00
2197.0 0.0000000000e+00
2206.0 0.0000000000e+00
2215.0 0.0000000000e+00
2224.0 0.0000000000e+00
2233.0 0.0000000000e+00
2242.0 0.0000000000e+00
2251.0 0.0000000000e+00
2260.0 0.0000000000e+00
2269.0 0.0000000000e+00
2278.0 0.0000000000e+00
2287.0 0.0000000000e+00
2296.0 0.0000000000e+00
2305.0 0.0000000000e+00
2314.0 0.0000000000e+00
2323.0 0.0000000000e+00
2332.0 0.0000000000e+00
2341.0 0.0000000000e+00
2350.0 0.0000000000e+00
2359.0 0.0000000000e+00
2368.0 0.0000000000e+00
2377.0 0.0000000000e+00
2386.0 0.0000000000e+00
2395.0 0.0000000000e+00
2404.0 0.0000000000e+00
2413.0 0.0000000000e+00
2422.0 0.0000000000e+00
2431.0 0.0000000000e+00
2440.0 0.0000000000e+00
2449.0 0.0000000000e+00
2458.0 0.0000000000e+00
2467.0 0.0000000000e+00
2476.0 0.0000000000e+00
2485.0 0.0000000000e+00
2494.0 0.0000000000e+00
2503.0 0.0000000000e+00
2512.0 0.0000000000e+00
2521.0 0.0000000000e+00
2530.0 0.0000000000e+00
2539.0 0.0000000000e+00
2548.0 0.0000000000e+00
2557.0 0.0000000000e+00
2566.0 0.0000000000e+00
2575.0 0.0000000000e+00
2584.0 0.0000000000e+00
2593.0 0.0000000000e+00
2602.0 0.0000000000e+00
2611.0 0.0000000000e+00
2620.0 0.0000000000e+00
2629.0 0.0000000000e+00
2638.0 0.0000000000e+00
2647.0 0.0000000000e+00
2656.0 0.0000000000e+00
2665.0 0.0000000000e+00
2674.0 0.0000000000e+00
2683.0 0.0000000000e+00
2692.0 0.0000000000e+00
2701.0 0.0000000000e+00
2710.0 0.0000000000e+00
2719.0 0.0000000000e+00
2728.0 0.0000000000e+00
2737.0 0.0000000000e+00
2746.0 0.0000000000e+00
2755.0 0.0000000000e+00
2764.0 0.0000000000e+00
2773.0 0.0000000000e+00
2782.0 0.0000000000e+00
2791.0 0.0000000000e+00
2800.0 0.0000000000e+00
2809.0 0.0000000000e+00
2818.0 0.0000000000e+00
2827.0 0.0000000000e+00
2836.0 0.0000000000e+00
2845.0 0.0000000000e+00
2854.0 0.0000000000e+00
2863.0 0.0000000000e+00
2872.0 0.0000000000e+00
2881.0 0.0000000000e+00
2890.0 0.0000000000e+00
2899.0 0.0000000000e+00
2908.0 0.0000000000e+00
2917.0 0.0000000000e+00
2926.0 0.0000000000e+00
2935.0 0.0000000000e+00
2944.0 0.0000000000e+00
2953.0 0.0000000000e+00
2962.0 0.0000000000e+00
2971.0 0.0000000000e+00
2980.0 0.0000000000e+00
2989.0 0.0000000000e+00
2998.0 0.0000000000e+00
3007.0 0.0000000000e+00
3016.0 0.0000000000e+00
3025.0 0.0000000000e+00
3034.0 0.0000000000e+00
3043.0 0.0000000000e+00
3052.0 0.0000000000e+00
3061.0 0.0000000000e+00
3070.0 0.0000000000e+00
3079.0 0.0000000000e+00
3088.0 0.0000000000e+00
3097.0 0.0000000000e+00
3106.0 0.0000000000e+00
3115.0 0.0000000000e+00
3124.0 0.0000000000e+00
3133.0 0.0000000000e+00
3142.0 0.0000000000e+00
3151.0 0.0000000000e+00
3160.0 0.0000000000e+00
3169.0 0.0000000000e+00
3178.0 0.0000000000e+00
3187.0 0.0000000000e+00
3196.0 0.0000000000e+00
3205.0 0.0000000000e+00
3214.0 0.0000000000e+00
3223.0 0.0000000000e+00
3232.0 0.0000000000e+00
3241.0 0.0000000000e+00
3250.0 0.0000000000e+00
3259.0 0.0000000000e+00
3268.0 0.0000000000e+00
3277.0 0.0000000000e+00
3286.0 0.0000000000e+00
3295.0 0.0000000000e+00
3304.0 0.0000000000e+00
3313.0 0.0000000000e+00
3322.0 0.0000000000e+00
3331.0 0.0000000000e+00
3340.0 0.0000000000e+00
3349.0 0.0000000000e+00
3358.0 0.0000000000e+00
3367.0 0.0000000000e+00
3376.0 0.0000000000e+00
3385.0 0.0000000000e+00
3394.0 0.0000000000e+00
3403.0 0.0000000000e+00
3412.0 0.0000000000e+00
3421.0 0.0000000000e+00
3430.0 0.0000000000e+00
3439.0 0.0000000000e+00
3448.0 0.0000000000e+00
3457.0 0.0000000000e+00
3466.0 0.0000000000e+00
3475.0 0.0000000000e+00
3484.0 0.0000000000e+00
3493.0 0.0000000000e+00
3502.0 0.0000000000e+00
3511.0 0.0000000000e+00
3520.0 0.0000000000e+00
3529.0 0.0000000000e+00
3538.0 0.0000000000e+00
3547.0 0.0000000000e+00
3556.0 0.0000000000e+00
3565.0 0.0000000000e+00
3574.0 0.0000000000e+00
3583.0 0.0000000000e+00
3592.0 0.0000000000e+00
3601.0 0.0000000000e+00
3610.0 0.0000000000e+00
3619.0 0.0000000000e+00
3628.0 0.0000000000e+00
3637.0 0.0000000000e+00
3646.0 0.0000000000e+00
3655.0 0.0000000000e+00
3664.0 0.0000000000e+00
3673.0 0.0000000000e+00
3682.0 0.0000000000e+00
3691.0 0.0000000000e+00
3700.0 0.0000000000e+00
3709.0 0.0000000000e+00
3718.0 0.0000000000e+00
3727.0 0.0000000000e+00
3736.0 0.0000000000e+00
3745.0 0.0000000000e+00
3754.0 0.0000000000e+00
3763.0 0.0000000000e+00
3772.0 0.0000000000e+00
3781.0 0.0000000000e+00
3790.0 0.0000000000e+00
3799.0 0.0000000000e+00
3808.0 0.0000000000e+00
3817.0 0.0000000000e+00
3826.0 0.0000000000e+00
3835.0 0.0000000000e+00
3844.0 0.0000000000e+00
3853.0 0.0000000000e+00
3862.0 0.0000000000e+00
3871.0 0.0000000000e+00
3880.0 0.0000000000e+00
3889.0 0.0000000000e+00
3898.0 0.0000000000e+00
3907.0 0.0000000000e+00
3916.0 0.0000000000e+00
3925.0 0.0000000000e+00
3934.0 0.0000000000e+00
3943.0 0.0000000000e+00
3952.0 0.0000000000e+00
3961.0 0.0000000000e+00
3970.0 0.0000000000e+00
3979.0 0.0000000000e+00
3988.0 0.0000000000e+00
3997.0 0.0000000000e+00
4006.0 0.0000000000e+00
4015.0 0.0000000000e+00
4024.0 0.0000000000e+00
4033.0 0.0000000000e+00
4042.0 0.0000000000e+00
4051.0 0.0000000000e+00
4060.0 0.0000000000e+00
4069.0 0.0000000000e+00
4078.0 0.0000000000e+00
4087.0 0.0000000000e+00
4096.0 0.0000000000e+00
4105.0 0.0000000000e+00
4114.0 0.0000000000e+00
4123.0 0.0000000000e+00
4132.0 0.0000000000e+00
4141.0 0.0000000000e+00
4150.0 0.0000000000e+00
4159.0 0.0000000000e+00
4168.0 0.0000000000e+00
4177.0 0.0000000000e+00
4186.0 0.0000000000e+00
4195.0 0.0000000000e+00
4204.0 0.0000000000e+00
4213.0 0.0000000000e+00
4222.0 0.0000000000e+00
4231.0 0.0000000000e+00
4240.0 0.0000000000e+00
4249.0 0.0000000000e+00
4258.0 0.0000000000e+00
4267.0 0.0000000000e+00
4276.0 0.0000000000e+00
4285.0 0.0000000000e+00
4294.0 0.0000000000e+00
4303.0 0.0000000000e+00
4312.0 0.0000000000e+00
4321.0 0.0000000000e+00
4330.0 0.0000000000e+00
4339.0 0.0000000000e+00
4348.0 0.0000000000e+00
4357.0 0.0000000000e+00
4366.0 0.0000000000e+00
4375.0 0.0000000000e+00
4384.0 0.0000000000e+00
4393.0 0.0000000000e+00
4402.0 0.0000000000e+00
4411.0 0.0000000000e+00
4420.0 0.0000000000e+00
4429.0 0.0000000000e+00
4438.0 0.0000000000e+00
4447.0 0.0000000000e+00
4456.0 0.0000000000e+00
4465.0 0.0000000000e+00
4474.0 0.0000000000e+00
4483.0 0.0000000000e+00
4492.0 0.0000000000e+00
4501.0 0.0000000000e+00
4510.0 0.0000000000e+00
4519.0 0.0000000000e+00
4528.0 0.0000000000e+00
4537.0 0.0000000000e+00
4546.0 0.0000000000e+00
4555.0 0.0000000000e+00
4564.0 0.0000000000e+00
4573.0 0.0000000000e+00
4582.0 0.0000000000e+00
4591.0 0.0000000000e+00
4600.0 0.0000000000e+00
4609.0 0.0000000000e+00
4618.0 0.0000000000e+00
4627.0 0.0000000000e+00
4636.0 0.0000000000e+00
4645.0 0.0000000000e+00
4654.0 0.0000000000e+00
4663.0 0.0000000000e+00
4672.0 0.0000000000e+00
4681.0 0.0000000000e+00
4690.0 0.0000000000e+00
4699.0 0.0000000000e+00
4708.0 0.0000000000e+00
4717.0 0.0000000000e+00
4726.0 0.0000000000e+00
4735.0 0.0000000000e+00
4744.0 0.0000000000e+00
4753.0 0.0000000000e+00
4762.0 0.0000000000e+00
4771.0 0.0000000000e+00
4780.0 0.0000000000e+00
4789.0 0.0000000000e+00
4798.0 0.0000000000e+00
4807.0 0.0000000000e+00
4816.0 0.0000000000e+00
4825.0 0.0000000000e+00
4834.0 0.0000000000e+00
4843.0 0.0000000000e+00
4852.0 0.0000000000e+00
4861.0 0.0000000000e+00
4870.0 0.0000000000e+00
4879.0 0.0000000000e+00
4888.0 0.0000000000e+00
4897.0 0.0000000000e+00
4906.0 0.0000000000e+00
4915.0 0.0000000000e+00
4924.0 0.0000000000e+00
4933.0 0.0000000000e+00
4942.0 0.0000000000e+00
4951.0 0.0000000000e+00
4960.0 0.0000000000e+00
4969.0 0.0000000000e+00
4978.0 0.0000000000e+00
4987.0 0.0000000000e+00
4996.0 0.0000000000e+00
5005.0 0.0000000000e+00
5014.0 0.0000000000e+00
5023.0 0.0000000000e+00
5032.0 0.0000000000e+00
5041.0 0.0000000000e+00
5050.0 0.0000000000e+00
5059.0 0.0000000000e+00
5068.0 0.0000000000e+00
5077.0 0.0000000000e+00
5086.0 0.0000000000e+00
5095.0 0.0000000000e+00
5104.0 0.0000000000e+00
5113.0 0.0000000000e+00
5122.0 0.0000000000e+00
5131.0 0.0000000000e+00
5140.0 0.0000000000e+00
5149.0 0.0000000000e+00
5158.0 0.0000000000e+00
5167.0 0.0000000000e+00
5176.0 0.0000000000e+00
5185.0 0.0000000000e+00
5194.0 0.0000000000e+00
5203.0 0.0000000000e+00
5212.0 0.0000000000e+00
5221.0 0.0000000000e+00
5230.0 0.0000000000e+00
5239.0 0.0000000000e+00
5248.0 0.0000000000e+00
5257.0 0.0000000000e+00
5266.0 0.0000000000e+00
5275.0 0.0000000000e+00
5284.0 0.0000000000e+00
5293.0 0.0000000000e+00
5302.0 0.0000000000e+00
5311.0 0.0000000000e+00
5320.0 0.0000000000e+00
5329.0 0.0000000000e+00
5338.0 0.0000000000e+00
5347.0 0.0000000000e+00
5356.0 0.0000000000e+00
5365.0 0.0000000000e+00
5374.0 0.0000000000e+00
5383.0 0.0000000000e+00
5392.0 0.0000000000e+00
5401.0 0.0000000000e+00
5410.0 0.0000000000e+00
5419.0 0.0000000000e+00
5428.0 0.0000000000e+00
5437.0 0.0000000000e+00
5446.0 0.0000000000e+00
5455.0 0.0000000000e+00
5464.0 0.0000000000e+00
5473.0 0.0000000000e+00
5482.0 0.0000000000e+00
5491.0 0.0000000000e+00
5500.0 0.0000000000e+00
5509.0 0.0000000000e+00
5518.0 0.0000000000e+00
5527.0 0.0000000000e+00
5536.0 0.0000000000e+00
5545.0 0.0000000000e+00
5554.0 0.0000000000e+00
5563.0 0.0000000000e+00
5572.0 0.0000000000e+00
5581.0 0.0000000000e+00
5590.0 0.0000000000e+00
5599.0 0.0000000000e+00
5608.0 0.0000000000e+00
5617.0 0.0000000000e+00
5626.0 0.0000000000e+00
5635.0 0.0000000000e+00
5644.0 0.0000000000e+00
5653.0 0.0000000000e+00
5662.0 0.0000000000e+00
5671.0 0.0000000000e+00
5680.0 0.0000000000e+00
5689.0 0.0000000000e+00
5698.0 0.0000000000e+00
5707.0 0.0000000000e+00
5716.0 0.0000000000e+00
5725.0 0.0000000000e+00
5734.0 0.0000000000e+00
5743.0 0.0000000000e+00
5752.0 0.0000000000e+00
5761.0 0.0000000000e+00
5770.0 0.0000000000e+00
5779.0 0.0000000000e+00
5788.0 0.0000000000e+00
5797.0 0.0000000000e+00
5806.0 0.0000000000e+00
5815.0 0.0000000000e+00
5824.0 0.0000000000e+00
5833.0 0.0000000000e+00
5842.0 0.0000000000e+00
5851.0 0.0000000000e+00
5860.0 0.0000000000e+00
5869.0 0.0000000000e+00
5878.0 0.0000000000e+00
5887.0 0.0000000000e+00
5896.0 0.0000000000e+00
5905.0 0.0000000000e+00
5914.0 0.0000000000e+00
5923.0 0.0000000000e+00
5932.0 0.0000000000e+00
5941.0 0.0000000000e+00
5950.0 0.0000000000e+00
5959.0 0.0000000000e+00
5968.0 0.0000000000e+00
5977.0 0.0000000000e+00
5986.0 0.0000000000e+00
5995.0 0.0000000000e+00
6004.0 0.0000000000e+00
6013.0 0.0000000000e+00
6022.0 0.0000000000e+00
6031.0 0.0000000000e+00
6040.0 0.0000000000e+00
6049.0 0.0000000000e+00
6058.0 0.0000000000e+00
6067.0 0.0000000000e+00
6076.0 0.0000000000e+00
6085.0 0.0000000000e+00
6094.0 0.0000000000e+00
6103.0 0.0000000000e+00
6112.0 0.0000000000e+00
6121.0 0.0000000000e+00
6130.0 0.0000000000e+00
6139.0 0.0000000000e+00
6148.0 0.0000000000e+00
6157.0 0.0000000000e+00
6166.0 0.0000000000e+00
6175.0 0.0000000000e+00
6184.0 0.0000000000e+00
6193.0 0.0000000000e+00
6202.0 0.0000000000e+00
6211.0 0.0000000000e+00
6220.0 0.0000000000e+00
6229.0 0.0000000000e+00
6238.0 0.0000000000e+00
6247.0 0.0000000000e+00
6256.0 0.0000000000e+00
6265.0 0.0000000000e+00
6274.0 0.0000000000e+00
6283.0 0.0000000000e+00
6292.0 0.0000000000e+00
6301.0 0.0000000000e+00
6310.0 0.0000000000e+00
6319.0 0.0000000000e+00
6328.0 0.0000000000e+00
6337.0 1.7240192297e-308
6346.0 3.0035408341e-300
6355.0 4.0392048676e-292
6364.0 4.1915065565e-284
6373.0 3.3568281888e-276
6382.0 2.0751928362e-268
6391.0 9.8987271706e-261
6400.0 3.6442920019e-253
6409.0 1.0353908188e-245
6418.0 2.2703364782e-238
6427.0 3.8419976127e-231
6436.0 5.0176979258e-224
6445.0 5.0575448700e-217
6454.0 3.9337198386e-210
6463.0 2.3588744933e-203
6472.0 1.0911131227e-196
6481.0 3.8961022837e-190
6490.0 1.0772437840e-183
6499.0 2.2996540427e-177
6508.0 3.7896672456e-171
6517.0 4.7875155227e-165
6526.0 4.7130413249e-159
6535.0 3.5665276503e-153
6544.0 2.0823303835e-147
6553.0 9.3818110815e-142
6562.0 3.2688764095e-136
6571.0 8.7848016204e-131
6580.0 1.8230660370e-125
6589.0 2.9200335097e-120
6598.0 3.6114574221e-115
6607.0 3.4472396680e-110
6616.0 2.5402120172e-105
6625.0 1.4449541130e-100
6634.0 6.3457536157e-96
6643.0 2.1516373448e-91
6652.0 5.6336891205e-87
6661.0 1.1388939274e-82
6670.0 1.7778832138e-78
6679.0 2.1430977599e-74
6688.0 1.9949184219e-70
6697.0 1.4340663298e-66
6706.0 7.9614248728e-63
6715.0 3.4136838930e-59
6724.0 1.1305555295e-55
6733.0 2.8921355347e-52
6742.0 5.7150551818e-49
6751.0 8.7246228427e-46
6760.0 1.0290463597e-42
6769.0 9.3783161225e-40
6778.0 6.6048451856e-37
6787.0 3.5949025301e-34
6796.0 1.5123579733e-31
6805.0 4.9184432594e-29
6814.0 1.2367707923e-26
6823.0 2.4049849107e-24
6832.0 3.6175424937e-22
6841.0 4.2099955552e-20
6850.0 3.7922479554e-18
6859.0 2.6426816034e-16
6868.0 1.2430072045e-14
6877.0 4.8220642681e-13
6886.0 1.7762812209e-11
6895.0 4.3249427039e-10
6904.0 8.7472627052e-09
6913.0 1.3739843278e-07
6922.0 1.6623581770e-06
6931.0 1.5481428717e-05
6940.0 1.1196411176e-04
6949.0 6.3566344327e-04
6958.0 2.8313351905e-03
6967.0 1.0032484672e-02
6976.0 2.8169138630e-02
6985.0 6.3309083583e-02
6994.0 1.1601143942e-01
7003.0 1.7843508356e-01
7012.0 2.3489428180e-01
7021.0 2.7381754358e-01
7030.0 2.9437644135e-01
7039.0 3.0267273982e-01
7048.0 3.0410906403e-01
7057.0 3.0237565352e-01
7066.0 3.0074981314e-01
7075.0 2.9891181062e-01
7084.0 2.9677463255e-01
7093.0 2.9468370006e-01
7102.0 2.9245555890e-01
7111.0 2.9035509172e-01
7120.0 2.8823479879e-01
7129.0 2.8595061683e-01
7138.0 2.8366018460e-01
7147.0 2.8109836877e-01
7156.0 2.7864814295e-01
7165.0 2.7426825907e-01
7174.0 2.6409411535e-01
7183.0 2.5815347341e-01
7192.0 2.5316739904e-01
7201.0 2.5267043709e-01
7210.0 2.5380965701e-01
7219.0 2.5093569508e-01
7228.0 2.2991356638e-01
7237.0 1.8987699374e-01
7246.0 1.4500113560e-01
7255.0 9.5208725342e-02
7264.0 5.2424185129e-02
7273.0 2.3402890530e-02
7282.0 8.4559492155e-03
7291.0 2.4262245042e-03
7300.0 5.5779028164e-04
7309.0 9.9498728618e-05
7318.0 1.4035429305e-05
7327.0 1.5601464558e-06
7336.0 1.3349513581e-07
7345.0 8.9308109039e-09
7354.0 4.6217465126e-10
7363.0 1.8570593146e-11
7372.0 5.8035272986e-13
7381.0 1.4082648032e-14
7390.0 2.6416650424e-16
7399.0 3.8403021682e-18
7408.0 4.3267962998e-20
7417.0 3.7672945561e-22
7426.0 2.5381054811e-24
7435.0 1.3234390986e-26
7444.0 5.3328241163e-29
7453.0 1.6619456007e-31
7462.0 4.0037980067e-34
7471.0 7.4559061217e-37
7480.0 1.0731494204e-39
7489.0 1.1936925881e-42
7498.0 1.0260058756e-45
7507.0 6.8139204986e-49
7516.0 3.4963024403e-52
7525.0 1.3859009124e-55
7534.0 4.2436375321e-59
7543.0 1.0037048849e-62
7552.0 1.8335748488e-66
7561.0 2.5869900629e-70
7570.0 2.8188398762e-74
7579.0 2.3719553655e-78
7588.0 1.5226664847e-82
7597.0 4.9162495040e-87
7606.0 9.0975549873e-92
7615.0 4.5338043494e-96
7624.0 1.3836616704e-100
7633.0 2.0342021532e-105
7642.0 3.1492706214e-110
7651.0 3.9220939066e-115
7660.0 3.6657194943e-120
7669.0 2.5273753772e-125
7678.0 1.3008628261e-130
7687.0 5.0485743911e-136
7696.0 1.4937413228e-141
7705.0 3.3940103135e-147
7714.0 5.9214658636e-153
7723.0 7.9497671752e-159
7732.0 8.2378284515e-165
7741.0 6.5890928082e-171
7750.0 4.0675933258e-177
7759.0 1.9380506502e-183
7768.0 7.1277121245e-190
7777.0 2.0233641615e-196
7786.0 4.4337254570e-203
7795.0 7.4996297575e-210
7804.0 9.7926324038e-217
7813.0 9.8698583887e-224
7822.0 7.6785069413e-231
7831.0 4.6111240380e-238
7840.0 2.1370834363e-245
7849.0 7.6450047699e-253
7858.0 2.1109564293e-260
7867.0 4.4936223356e-268
7876.0 7.3872012694e-276
7885.0 9.3772447155e-284
7894.0 9.1595820496e-292
7903.0 6.9322031491e-300
7912.0 4.0514909912e-308
7921.0 0.0000000000e+00
7930.0 0.0000000000e+00
7939.0 0.0000000000e+00
7948.0 0.0000000000e+00
7957.0 0.0000000000e+00
7966.0 0.0000000000e+00
7975.0 0.0000000000e+00
7984.0 0.0000000000e+00
7993.0 0.0000000000e+00
8002.0 0.0000000000e+00
8011.0 0.0000000000e+00
8020.0 0.0000000000e+00
8029.0 0.0000000000e+00
8038.0 0.0000000000e+00
8047.0 0.0000000000e+00
8056.0 0.0000000000e+00
8065.0 0.0000000000e+00
8074.0 0.0000000000e+00
8083.0 0.0000000000e+00
8092.0 0.0000000000e+00
8101.0 0.0000000000e+00
8110.0 0.0000000000e+00
8119.0 0.0000000000e+00
8128.0 0.0000000000e+00
8137.0 0.0000000000e+00
8146.0 0.0000000000e+00
8155.0 0.0000000000e+00
8164.0 0.0000000000e+00
8173.0 0.0000000000e+00
8182.0 0.0000000000e+00
8191.0 0.0000000000e+00
8200.0 0.0000000000e+00
8209.0 0.0000000000e+00
8218.0 0.0000000000e+00
8227.0 0.0000000000e+00
8236.0 0.0000000000e+00
8245.0 0.0000000000e+00
8254.0 0.0000000000e+00
8263.0 0.0000000000e+00
8272.0 0.0000000000e+00
8281.0 0.0000000000e+00
8290.0 0.0000000000e+00
8299.0 0.0000000000e+00
8308.0 0.0000000000e+00
8317.0 0.0000000000e+00
8326.0 0.0000000000e+00
8335.0 0.0000000000e+00
8344.0 0.0000000000e+00
8353.0 0.0000000000e+00
8362.0 0.0000000000e+00
8371.0 0.0000000000e+00
8380.0 0.0000000000e+00
8389.0 0.0000000000e+00
8398.0 0.0000000000e+00
8407.0 0.0000000000e+00
8416.0 0.0000000000e+00
8425.0 0.0000000000e+00
8434.0 0.0000000000e+00
8443.0 0.0000000000e+00
8452.0 0.0000000000e+00
8461.0 0.0000000000e+00
8470.0 0.0000000000e+00
8479.0 0.0000000000e+00
8488.0 0.0000000000e+00
8497.0 0.0000000000e+00
8506.0 0.0000000000e+00
8515.0 0.0000000000e+00
8524.0 0.0000000000e+00
8533.0 0.0000000000e+00
8542.0 0.0000000000e+00
8551.0 0.0000000000e+00
8560.0 0.0000000000e+00
8569.0 0.0000000000e+00
8578.0 0.0000000000e+00
8587.0 0.0000000000e+00
8596.0 0.0000000000e+00
8605.0 0.0000000000e+00
8614.0 0.0000000000e+00
8623.0 0.0000000000e+00
8632.0 0.0000000000e+00
8641.0 0.0000000000e+00
8650.0 0.0000000000e+00
8659.0 0.0000000000e+00
8668.0 0.0000000000e+00
8677.0 0.0000000000e+00
8686.0 0.0000000000e+00
8695.0 0.0000000000e+00
8704.0 0.0000000000e+00
8713.0 0.0000000000e+00
8722.0 0.0000000000e+00
8731.0 0.0000000000e+00
8740.0 0.0000000000e+00
8749.0 0.0000000000e+00
8758.0 0.0000000000e+00
8767.0 0.0000000000e+00
8776.0 0.0000000000e+00
8785.0 0.0000000000e+00
8794.0 0.0000000000e+00
8803.0 0.0000000000e+00
8812.0 0.0000000000e+00
8821.0 0.0000000000e+00
8830.0 0.0000000000e+00
8839.0 0.0000000000e+00
8848.0 0.0000000000e+00
8857.0 0.0000000000e+00
8866.0 0.0000000000e+00
8875.0 0.0000000000e+00
8884.0 0.0000000000e+00
8893.0 0.0000000000e+00
8902.0 0.0000000000e+00
8911.0 0.0000000000e+00
8920.0 0.0000000000e+00
8929.0 0.0000000000e+00
8938.0 0.0000000000e+00
8947.0 0.0000000000e+00
8956.0 0.0000000000e+00
8965.0 0.0000000000e+00
8974.0 0.0000000000e+00
8983.0 0.0000000000e+00
8992.0 0.0000000000e+00
9001.0 0.0000000000e+00
9010.0 0.0000000000e+00
9019.0 0.0000000000e+00
9028.0 0.0000000000e+00
9037.0 0.0000000000e+00
9046.0 0.0000000000e+00
9055.0 0.0000000000e+00
9064.0 0.0000000000e+00
9073.0 0.0000000000e+00
9082.0 0.0000000000e+00
9091.0 0.0000000000e+00
9100.0 0.0000000000e+00
9109.0 0.0000000000e+00
9118.0 0.0000000000e+00
9127.0 0.0000000000e+00
9136.0 0.0000000000e+00
9145.0 0.0000000000e+00
9154.0 0.0000000000e+00
9163.0 0.0000000000e+00
9172.0 0.0000000000e+00
9181.0 0.0000000000e+00
9190.0 0.0000000000e+00
9199.0 0.0000000000e+00
9208.0 0.0000000000e+00
9217.0 0.0000000000e+00
9226.0 0.0000000000e+00
9235.0 0.0000000000e+00
9244.0 0.0000000000e+00
9253.0 0.0000000000e+00
9262.0 0.0000000000e+00
9271.0 0.0000000000e+00
9280.0 0.0000000000e+00
9289.0 0.0000000000e+00
9298.0 0.0000000000e+00
9307.0 0.0000000000e+00
9316.0 0.0000000000e+00
9325.0 0.0000000000e+00
9334.0 0.0000000000e+00
9343.0 0.0000000000e+00
9352.0 0.0000000000e+00
9361.0 0.0000000000e+00
9370.0 0.0000000000e+00
9379.0 0.0000000000e+00
9388.0 0.0000000000e+00
9397.0 0.0000000000e+00
9406.0 0.0000000000e+00
9415.0 0.0000000000e+00
9424.0 0.0000000000e+00
9433.0 0.0000000000e+00
9442.0 0.0000000000e+00
9451.0 0.0000000000e+00
9460.0 0.0000000000e+00
9469.0 0.0000000000e+00
9478.0 0.0000000000e+00
9487.0 0.0000000000e+00
9496.0 0.0000000000e+00
9505.0 0.0000000000e+00
9514.0 0.0000000000e+00
9523.0 0.0000000000e+00
9532.0 0.0000000000e+00
9541.0 0.0000000000e+00
9550.0 0.0000000000e+00
9559.0 0.0000000000e+00
9568.0 0.0000000000e+00
9577.0 0.0000000000e+00
9586.0 0.0000000000e+00
9595.0 0.0000000000e+00
9604.0 0.0000000000e+00
9613.0 0.0000000000e+00
9622.0 0.0000000000e+00
9631.0 0.0000000000e+00
9640.0 0.0000000000e+00
9649.0 0.0000000000e+00
9658.0 0.0000000000e+00
9667.0 0.0000000000e+00
9676.0 0.0000000000e+00
9685.0 0.0000000000e+00
9694.0 0.0000000000e+00
9703.0 0.0000000000e+00
9712.0 0.0000000000e+00
9721.0 0.0000000000e+00
9730.0 0.0000000000e+00
9739.0 0.0000000000e+00
9748.0 0.0000000000e+00
9757.0 0.0000000000e+00
9766.0 0.0000000000e+00
9775.0 0.0000000000e+00
9784.0 0.0000000000e+00
9793.0 0.0000000000e+00
9802.0 0.0000000000e+00
9811.0 0.0000000000e+00
9820.0 0.0000000000e+00
9829.0 0.0000000000e+00
9838.0 0.0000000000e+00
9847.0 0.0000000000e+00
9856.0 0.0000000000e+00
9865.0 0.0000000000e+00
9874.0 0.0000000000e+00
9883.0 0.0000000000e+00
9892.0 0.0000000000e+00
9901.0 0.0000000000e+00
9910.0 0.0000000000e+00
9919.0 0.0000000000e+00
9928.0 0.0000000000e+00
9937.0 0.0000000000e+00
9946.0 0.0000000000e+00
9955.0 0.0000000000e+00
9964.0 0.0000000000e+00
9973.0 0.0000000000e+00
9982.0 0.0000000000e+00
9991.0 0.0000000000e+00
10000.0 0.0000000000e+00
