wave throughput
1000.0 0.0000000000e+00
1009.0 0.0000000000e+00
1018.0 0.0000000000e+00
1027.0 0.0000000000e+00
1036.0 0.0000000000e+00
1045.0 0.0000000000e+00
1054.0 0.0000000000e+00
1063.0 0.0000000000e+00
1072.0 0.0000000000e+00
1081.0 0.0000000000e+00
1090.0 0.0000000000e+00
1099.0 0.0000000000e+00
1108.0 0.0000000000e+00
1117.0 0.0000000000e+00
1126.0 0.0000000000e+00
1135.0 0.0000000000e+00
1144.0 0.0000000000e+00
1153.0 0.0000000000e+00
1162.0 0.0000000000e+00
1171.0 0.0000000000e+00
1180.0 0.0000000000e+00
1189.0 0.0000000000e+00
1198.0 0.0000000000e+00
1207.0 0.0000000000e+00
1216.0 0.0000000000e+00
1225.0 0.0000000000e+00
1234.0 0.0000000000e+00
1243.0 0.0000000000e+00
1252.0 0.0000000000e+00
1261.0 0.0000000000e+00
1270.0 0.0000000000e+00
1279.0 0.0000000000e+00
1288.0 0.0000000000e+00
1297.0 0.0000000000e+00
1306.0 0.0000000000e+00
1315.0 0.0000000000e+00
1324.0 0.0000000000e+00
1333.0 0.0000000000e+00
1342.0 0.0000000000e+00
1351.0 0.0000000000e+00
1360.0 0.0000000000e+00
1369.0 0.0000000000e+00
1378.0 0.0000000000e+00
1387.0 0.0000000000e+00
1396.0 0.0000000000e+00
1405.0 0.0000000000e+00
1414.0 0.0000000000e+00
1423.0 0.0000000000e+00
1432.0 0.0000000000e+00
1441.0 0.0000000000e+00
1450.0 0.0000000000e+00
1459.0 0.0000000000e+00
1468.0 0.0000000000e+00
1477.0 0.0000000000e+00
1486.0 0.0000000000e+00
1495.0 0.0000000000e+00
1504.0 0.0000000000e+00
1513.0 0.0000000000e+00
1522.0 0.0000000000e+00
1531.0 0.0000000000e+00
1540.0 0.0000000000e+00
1549.0 0.0000000000e+00
1558.0 0.0000000000e+00
1567.0 0.0000000000e+00
1576.0 0.0000000000e+00
1585.0 0.0000000000e+00
1594.0 0.0000000000e+00
1603.0 0.0000000000e+00
1612.0 0.0000000000e+00
1621.0 0.0000000000e+00
1630.0 0.0000000000e+00
1639.0 0.0000000000e+00
1648.0 0.0000000000e+00
1657.0 0.0000000000e+00
1666.0 0.0000000000e+00
1675.0 0.0000000000e+00
1684.0 0.0000000000e+00
1693.0 0.0000000000e+00
1702.0 0.0000000000e+00
1711.0 0.0000000000e+00
1720.0 0.0000000000e+00
1729.0 0.0000000000e+00
1738.0 0.0000000000e+00
1747.0 0.0000000000e+00
1756.0 0.0000000000e+00
1765.0 0.0000000000e+00
1774.0 0.0000000000e+00
1783.0 0.0000000000e+00
1792.0 0.0000000000e+00
1801.0 0.0000000000e+00
1810.0 0.0000000000e+00
1819.0 0.0000000000e+00
1828.0 0.0000000000e+00
1837.0 0.0000000000e+00
1846.0 0.0000000000e+00
1855.0 0.0000000000e+00
1864.0 0.0000000000e+00
1873.0 0.0000000000e+00
1882.0 0.0000000000e+00
1891.0 0.0000000000e+00
1900.0 0.0000000000e+00
1909.0 0.0000000000e+00
1918.0 0.0000000000e+00
1927.0 0.0000000000e+00
1936.0 0.0000000000e+00
1945.0 0.0000000000e+00
1954.0 0.0000000000e+00
1963.0 0.0000000000e+00
1972.0 0.0000000000e+00
1981.0 0.0000000000e+00
1990.0 0.0000000000e+00
1999.0 0.0000000000e+00
2008.0 0.0000000000e+00
2017.0 0.0000000000e+00
2026.0 0.0000000000e+00
2035.0 0.0000000000e+00
2044.0 0.0000000000e+00
2053.0 0.0000000000e+00
2062.0 0.0000000000e+00
2071.0 0.0000000000e+00
2080.0 0.0000000000e+00
2089.0 0.0000000000e+00
2098.0 0.0000000000e+00
2107.0 0.0000000000e+00
2116.0 0.0000000000e+00
2125.0 0.0000000000e+00
2134.0 0.0000000000e+00
2143.0 0.0000000000e+00
2152.0 0.0000000000e+00
2161.0 0.0000000000e+00
2170.0 0.0000000000e+00
2179.0 0.0000000000e+00
2188.0 0.0000000000e+00
2197.0 0.0000000000e+00
2206.0 0.0000000000e+00
2215.0 0.0000000000e+00
2224.0 0.0000000000e+00
2233.0 0.0000000000e+00
2242.0 0.0000000000e+00
2251.0 0.0000000000e+00
2260.0 0.0000000000e+00
2269.0 0.0000000000e+00
2278.0 0.0000000000e+00
2287.0 0.0000000000e+00
2296.0 0.0000000000e+00
2305.0 0.0000000000e+00
2314.0 0.0000000000e+00
2323.0 0.0000000000e+00
2332.0 0.0000000000e+00
2341.0 0.0000000000e+00
2350.0 0.0000000000e+00
2359.0 0.0000000000e+00
2368.0 0.0000000000e+00
2377.0 0.0000000000e+00
2386.0 0.0000000000e+00
2395.0 0.0000000000e+00
2404.0 0.0000000000e+00
2413.0 0.0000000000e+00
2422.0 0.0000000000e+00
2431.0 0.0000000000e+00
2440.0 0.0000000000e+00
2449.0 0.0000000000e+00
2458.0 0.0000000000e+00
2467.0 0.0000000000e+00
2476.0 0.0000000000e+00
2485.0 0.0000000000e+00
2494.0 0.0000000000e+00
2503.0 0.0000000000e+00
2512.0 0.0000000000e+00
2521.0 0.0000000000e+00
2530.0 0.0000000000e+00
2539.0 0.0000000000e+00
2548.0 0.0000000000e+00
2557.0 0.0000000000e+00
2566.0 0.0000000000e+00
2575.0 0.0000000000e+00
2584.0 0.0000000000e+00
2593.0 0.0000000000e+00
2602.0 0.0000000000e+00
2611.0 0.0000000000e+00
2620.0 0.0000000000e+00
2629.0 0.0000000000e+00
2638.0 0.0000000000e+00
2647.0 0.0000000000e+00
2656.0 0.0000000000e+00
2665.0 0.0000000000e+00
2674.0 0.0000000000e+00
2683.0 0.0000000000e+00
2692.0 0.0000000000e+00
2701.0 0.0000000000e+00
2710.0 0.0000000000e+00
2719.0 0.0000000000e+00
2728.0 0.0000000000e+00
2737.0 0.0000000000e+00
2746.0 0.0000000000e+00
2755.0 0.0000000000e+00
2764.0 0.0000000000e+00
2773.0 0.0000000000e+00
2782.0 0.0000000000e+00
2791.0 0.0000000000e+00
2800.0 0.0000000000e+00
2809.0 0.0000000000e+00
2818.0 0.0000000000e+00
2827.0 0.0000000000e+00
2836.0 0.0000000000e+00
2845.0 0.0000000000e+00
2854.0 0.0000000000e+00
2863.0 0.0000000000e+00
2872.0 0.0000000000e+00
2881.0 0.0000000000e+00
2890.0 0.0000000000e+00
2899.0 0.0000000000e+00
2908.0 0.0000000000e+00
2917.0 0.0000000000e+00
2926.0 0.0000000000e+00
2935.0 0.0000000000e+00
2944.0 0.0000000000e+00
2953.0 0.0000000000e+00
2962.0 0.0000000000e+00
2971.0 0.0000000000e+00
2980.0 0.0000000000e+00
2989.0 0.0000000000e+00
2998.0 0.0000000000e+00
3007.0 0.0000000000e+00
3016.0 0.0000000000e+00
3025.0 0.0000000000e+00
3034.0 0.0000000000e+00
3043.0 0.0000000000e+00
3052.0 0.0000000000e+00
3061.0 0.0000000000e+00
3070.0 0.0000000000e+00
3079.0 0.0000000000e+00
3088.0 0.0000000000e+00
3097.0 0.0000000000e+00
3106.0 0.0000000000e+00
3115.0 0.0000000000e+00
3124.0 0.0000000000e+00
3133.0 0.0000000000e+00
3142.0 0.0000000000e+00
3151.0 0.0000000000e+00
3160.0 0.0000000000e+00
3169.0 0.0000000000e+00
3178.0 0.0000000000e+00
3187.0 0.0000000000e+00
3196.0 0.0000000000e+00
3205.0 0.0000000000e+00
3214.0 0.0000000000e+00
3223.0 0.0000000000e+00
3232.0 0.0000000000e+00
3241.0 0.0000000000e+00
3250.0 0.0000000000e+00
3259.0 0.0000000000e+00
3268.0 0.0000000000e+00
3277.0 0.0000000000e+00
3286.0 0.0000000000e+00
3295.0 0.0000000000e+00
3304.0 0.0000000000e+00
3313.0 0.0000000000e+00
3322.0 0.0000000000e+00
3331.0 0.0000000000e+00
3340.0 0.0000000000e+00
3349.0 0.0000000000e+00
3358.0 0.0000000000e+00
3367.0 0.0000000000e+00
3376.0 0.0000000000e+00
3385.0 0.0000000000e+00
3394.0 0.0000000000e+00
3403.0 0.0000000000e+00
3412.0 0.0000000000e+00
3421.0 0.0000000000e+00
3430.0 0.0000000000e+00
3439.0 0.0000000000e+00
3448.0 0.0000000000e+00
3457.0 0.0000000000e+00
3466.0 0.0000000000e+00
3475.0 0.0000000000e+00
3484.0 0.0000000000e+00
3493.0 0.0000000000e+00
3502.0 0.0000000000e+00
3511.0 0.0000000000e+00
3520.0 0.0000000000e+00
3529.0 0.0000000000e+00
3538.0 0.0000000000e+00
3547.0 0.0000000000e+00
3556.0 0.0000000000e+00
3565.0 0.0000000000e+00
3574.0 0.0000000000e+00
3583.0 0.0000000000e+00
3592.0 0.0000000000e+00
3601.0 0.0000000000e+00
3610.0 0.0000000000e+00
3619.0 0.0000000000e+00
3628.0 0.0000000000e+00
3637.0 0.0000000000e+00
3646.0 0.0000000000e+00
3655.0 0.0000000000e+00
3664.0 0.0000000000e+00
3673.0 0.0000000000e+00
3682.0 0.0000000000e+00
3691.0 0.0000000000e+00
3700.0 0.0000000000e+00
3709.0 0.0000000000e+00
3718.0 0.0000000000e+00
3727.0 0.0000000000e+00
3736.0 0.0000000000e+00
3745.0 0.0000000000e+00
3754.0 0.0000000000e+00
3763.0 0.0000000000e+00
3772.0 0.0000000000e+00
3781.0 0.0000000000e+00
3790.0 0.0000000000e+00
3799.0 0.0000000000e+00
3808.0 0.0000000000e+00
3817.0 0.0000000000e+00
3826.0 0.0000000000e+00
3835.0 0.0000000000e+00
3844.0 0.0000000000e+00
3853.0 0.0000000000e+00
3862.0 0.0000000000e+00
3871.0 0.0000000000e+00
3880.0 0.0000000000e+00
3889.0 0.0000000000e+00
3898.0 0.0000000000e+00
3907.0 0.0000000000e+00
3916.0 0.0000000000e+00
3925.0 0.0000000000e+00
3934.0 0.0000000000e+00
3943.0 0.0000000000e+00
3952.0 0.0000000000e+00
3961.0 0.0000000000e+00
3970.0 0.0000000000e+00
3979.0 0.0000000000e+00
3988.0 0.0000000000e+00
3997.0 0.0000000000e+00
4006.0 0.0000000000e+00
4015.0 0.0000000000e+00
4024.0 0.0000000000e+00
4033.0 0.0000000000e+00
4042.0 0.0000000000e+00
4051.0 0.0000000000e+00
4060.0 0.0000000000e+00
4069.0 0.0000000000e+00
4078.0 0.0000000000e+00
4087.0 0.0000000000e+00
4096.0 0.0000000000e+00
4105.0 0.0000000000e+00
4114.0 0.0000000000e+00
4123.0 0.0000000000e+00
4132.0 0.0000000000e+00
4141.0 0.0000000000e+00
4150.0 0.0000000000e+00
4159.0 0.0000000000e+00
4168.0 0.0000000000e+00
4177.0 0.0000000000e+00
4186.0 0.0000000000e+00
4195.0 0.0000000000e+00
4204.0 0.0000000000e+00
4213.0 0.0000000000e+00
4222.0 0.0000000000e+00
4231.0 0.0000000000e+00
4240.0 0.0000000000e+00
4249.0 0.0000000000e+00
4258.0 0.0000000000e+00
4267.0 0.0000000000e+00
4276.0 0.0000000000e+00
4285.0 0.0000000000e+00
4294.0 0.0000000000e+00
4303.0 0.0000000000e+00
4312.0 0.0000000000e+00
4321.0 0.0000000000e+00
4330.0 0.0000000000e+00
4339.0 0.0000000000e+00
4348.0 0.0000000000e+00
4357.0 0.0000000000e+00
4366.0 0.0000000000e+00
4375.0 0.0000000000e+00
4384.0 0.0000000000e+00
4393.0 0.0000000000e+00
4402.0 0.0000000000e+00
4411.0 0.0000000000e+00
4420.0 0.0000000000e+00
4429.0 0.0000000000e+00
4438.0 0.0000000000e+00
4447.0 0.0000000000e+00
4456.0 0.0000000000e+00
4465.0 0.0000000000e+00
4474.0 0.0000000000e+00
4483.0 0.0000000000e+00
4492.0 0.0000000000e+00
4501.0 0.0000000000e+00
4510.0 0.0000000000e+00
4519.0 0.0000000000e+00
4528.0 0.0000000000e+00
4537.0 0.0000000000e+00
4546.0 0.0000000000e+00
4555.0 0.0000000000e+00
4564.0 0.0000000000e+00
4573.0 0.0000000000e+00
4582.0 0.0000000000e+00
4591.0 0.0000000000e+00
4600.0 0.0000000000e+00
4609.0 0.0000000000e+00
4618.0 0.0000000000e+00
4627.0 0.0000000000e+00
4636.0 0.0000000000e+00
4645.0 0.0000000000e+00
4654.0 0.0000000000e+00
4663.0 0.0000000000e+00
4672.0 0.0000000000e+00
4681.0 0.0000000000e+00
4690.0 0.0000000000e+00
4699.0 0.0000000000e+00
4708.0 0.0000000000e+00
4717.0 0.0000000000e+00
4726.0 0.0000000000e+00
4735.0 0.0000000000e+00
4744.0 0.0000000000e+00
4753.0 0.0000000000e+00
4762.0 0.0000000000e+00
4771.0 0.0000000000e+00
4780.0 0.0000000000e+00
4789.0 0.0000000000e+00
4798.0 0.0000000000e+00
4807.0 0.0000000000e+00
4816.0 0.0000000000e+00
4825.0 0.0000000000e+00
4834.0 0.0000000000e+00
4843.0 0.0000000000e+00
4852.0 0.0000000000e+00
4861.0 0.0000000000e+00
4870.0 0.0000000000e+00
4879.0 0.0000000000e+00
4888.0 0.0000000000e+00
4897.0 0.0000000000e+00
4906.0 0.0000000000e+00
4915.0 0.0000000000e+00
4924.0 0.0000000000e+00
4933.0 0.0000000000e+00
4942.0 0.0000000000e+00
4951.0 0.0000000000e+00
4960.0 0.0000000000e+00
4969.0 0.0000000000e+00
4978.0 0.0000000000e+00
4987.0 0.0000000000e+00
4996.0 0.0000000000e+00
5005.0 0.0000000000e+00
5014.0 0.0000000000e+00
5023.0 0.0000000000e+00
5032.0 0.0000000000e+00
5041.0 0.0000000000e+00
5050.0 0.0000000000e+00
5059.0 0.0000000000e+00
5068.0 0.0000000000e+00
5077.0 0.0000000000e+00
5086.0 0.0000000000e+00
5095.0 0.0000000000e+00
5104.0 0.0000000000e+00
5113.0 0.0000000000e+00
5122.0 0.0000000000e+00
5131.0 0.0000000000e+00
5140.0 0.0000000000e+00
5149.0 0.0000000000e+00
5158.0 0.0000000000e+00
5167.0 0.0000000000e+00
5176.0 0.0000000000e+00
5185.0 0.0000000000e+00
5194.0 0.0000000000e+00
5203.0 0.0000000000e+00
5212.0 0.0000000000e+00
5221.0 0.0000000000e+00
5230.0 0.0000000000e+00
5239.0 0.0000000000e+00
5248.0 0.0000000000e+00
5257.0 0.0000000000e+00
5266.0 0.0000000000e+00
5275.0 0.0000000000e+00
5284.0 0.0000000000e+00
5293.0 0.0000000000e+00
5302.0 0.0000000000e+00
5311.0 0.0000000000e+00
5320.0 0.0000000000e+00
5329.0 0.0000000000e+00
5338.0 0.0000000000e+00
5347.0 0.0000000000e+00
5356.0 0.0000000000e+00
5365.0 0.0000000000e+00
5374.0 0.0000000000e+00
5383.0 0.0000000000e+00
5392.0 0.0000000000e+00
5401.0 0.0000000000e+00
5410.0 0.0000000000e+00
5419.0 0.0000000000e+00
5428.0 0.0000000000e+00
5437.0 0.0000000000e+00
5446.0 0.0000000000e+00
5455.0 0.0000000000e+00
5464.0 0.0000000000e+00
5473.0 0.0000000000e+00
5482.0 0.0000000000e+00
5491.0 0.0000000000e+00
5500.0 0.0000000000e+00
5509.0 0.0000000000e+00
5518.0 0.0000000000e+00
5527.0 0.0000000000e+00
5536.0 0.0000000000e+00
5545.0 0.0000000000e+00
5554.0 0.0000000000e+00
5563.0 0.0000000000e+00
5572.0 0.0000000000e+00
5581.0 0.0000000000e+00
5590.0 0.0000000000e+00
5599.0 0.0000000000e+00
5608.0 0.0000000000e+00
5617.0 0.0000000000e+00
5626.0 0.0000000000e+00
5635.0 0.0000000000e+00
5644.0 0.0000000000e+00
5653.0 0.0000000000e+00
5662.0 0.0000000000e+00
5671.0 0.0000000000e+00
5680.0 0.0000000000e+00
5689.0 0.0000000000e+00
5698.0 0.0000000000e+00
5707.0 0.0000000000e+00
5716.0 0.0000000000e+00
5725.0 0.0000000000e+00
5734.0 0.0000000000e+00
5743.0 0.0000000000e+00
5752.0 0.0000000000e+00
5761.0 0.0000000000e+00
5770.0 0.0000000000e+00
5779.0 0.0000000000e+00
5788.0 0.0000000000e+00
5797.0 0.0000000000e+00
5806.0 0.0000000000e+00
5815.0 0.0000000000e+00
5824.0 0.0000000000e+00
5833.0 0.0000000000e+00
5842.0 0.0000000000e+00
5851.0 0.0000000000e+00
5860.0 0.0000000000e+00
5869.0 0.0000000000e+00
5878.0 0.0000000000e+00
5887.0 0.0000000000e+00
5896.0 0.0000000000e+00
5905.0 0.0000000000e+00
5914.0 0.0000000000e+00
5923.0 0.0000000000e+00
5932.0 0.0000000000e+00
5941.0 0.0000000000e+00
5950.0 0.0000000000e+00
5959.0 0.0000000000e+00
5968.0 0.0000000000e+00
5977.0 0.0000000000e+00
5986.0 0.0000000000e+00
5995.0 0.0000000000e+00
6004.0 0.0000000000e+00
6013.0 0.0000000000e+00
6022.0 0.0000000000e+00
6031.0 0.0000000000e+00
6040.0 0.0000000000e+00
6049.0 0.0000000000e+00
6058.0 0.0000000000e+00
6067.0 0.0000000000e+00
6076.0 0.0000000000e+00
6085.0 0.0000000000e+00
6094.0 0.0000000000e+00
6103.0 0.0000000000e+00
6112.0 0.0000000000e+00
6121.0 0.0000000000e+00
6130.0 0.0000000000e+00
6139.0 0.0000000000e+00
6148.0 0.0000000000e+00
6157.0 0.0000000000e+00
6166.0 0.0000000000e+00
6175.0 0.0000000000e+00
6184.0 0.0000000000e+00
6193.0 0.0000000000e+00
6202.0 0.0000000000e+00
6211.0 0.0000000000e+00
6220.0 0.0000000000e+00
6229.0 0.0000000000e+00
6238.0 0.0000000000e+00
6247.0 0.0000000000e+00
6256.0 0.0000000000e+00
6265.0 0.0000000000e+00
6274.0 0.0000000000e+00
6283.0 0.0000000000e+00
6292.0 0.0000000000e+00
6301.0 0.0000000000e+00
6310.0 0.0000000000e+00
6319.0 0.0000000000e+00
6328.0 0.0000000000e+00
6337.0 0.0000000000e+00
6346.0 0.0000000000e+00
6355.0 0.0000000000e+00
6364.0 0.0000000000e+00
6373.0 0.0000000000e+00
6382.0 0.0000000000e+00
6391.0 0.0000000000e+00
6400.0 0.0000000000e+00
6409.0 0.0000000000e+00
6418.0 0.0000000000e+00
6427.0 0.0000000000e+00
6436.0 0.0000000000e+00
6445.0 0.0000000000e+00
6454.0 0.0000000000e+00
6463.0 0.0000000000e+00
6472.0 0.0000000000e+00
6481.0 0.0000000000e+00
6490.0 0.0000000000e+00
6499.0 0.0000000000e+00
6508.0 0.0000000000e+00
6517.0 0.0000000000e+00
6526.0 0.0000000000e+00
6535.0 0.0000000000e+00
6544.0 0.0000000000e+00
6553.0 0.0000000000e+00
6562.0 0.0000000000e+00
6571.0 0.0000000000e+00
6580.0 0.0000000000e+00
6589.0 0.0000000000e+00
6598.0 0.0000000000e+00
6607.0 0.0000000000e+00
6616.0 0.0000000000e+00
6625.0 0.0000000000e+00
6634.0 0.0000000000e+00
6643.0 0.0000000000e+00
6652.0 0.0000000000e+00
6661.0 0.0000000000e+00
6670.0 0.0000000000e+00
6679.0 0.0000000000e+00
6688.0 0.0000000000e+00
6697.0 0.0000000000e+00
6706.0 0.0000000000e+00
6715.0 0.0000000000e+00
6724.0 0.0000000000e+00
6733.0 0.0000000000e+00
6742.0 0.0000000000e+00
6751.0 0.0000000000e+00
6760.0 0.0000000000e+00
6769.0 0.0000000000e+00
6778.0 0.0000000000e+00
6787.0 0.0000000000e+00
6796.0 0.0000000000e+00
6805.0 0.0000000000e+00
6814.0 0.0000000000e+00
6823.0 0.0000000000e+00
6832.0 0.0000000000e+00
6841.0 0.0000000000e+00
6850.0 0.0000000000e+00
6859.0 0.0000000000e+00
6868.0 0.0000000000e+00
6877.0 0.0000000000e+00
6886.0 0.0000000000e+00
6895.0 0.0000000000e+00
6904.0 0.0000000000e+00
6913.0 0.0000000000e+00
6922.0 0.0000000000e+00
6931.0 0.0000000000e+00
6940.0 0.0000000000e+00
6949.0 0.0000000000e+00
6958.0 0.0000000000e+00
6967.0 0.0000000000e+00
6976.0 0.0000000000e+00
6985.0 0.0000000000e+00
6994.0 0.0000000000e+00
7003.0 0.0000000000e+00
7012.0 0.0000000000e+00
7021.0 0.0000000000e+00
7030.0 0.0000000000e+00
7039.0 0.0000000000e+00
7048.0 0.0000000000e+00
7057.0 0.0000000000e+00
7066.0 0.0000000000e+00
7075.0 0.0000000000e+00
7084.0 0.0000000000e+00
7093.0 0.0000000000e+00
7102.0 0.0000000000e+00
7111.0 0.0000000000e+00
7120.0 0.0000000000e+00
7129.0 0.0000000000e+00
7138.0 0.0000000000e+00
7147.0 0.0000000000e+00
7156.0 0.0000000000e+00
7165.0 0.0000000000e+00
7174.0 0.0000000000e+00
7183.0 0.0000000000e+00
7192.0 0.0000000000e+00
7201.0 0.0000000000e+00
7210.0 0.0000000000e+00
7219.0 0.0000000000e+00
7228.0 0.0000000000e+00
7237.0 0.0000000000e+00
7246.0 0.0000000000e+00
7255.0 0.0000000000e+00
7264.0 0.0000000000e+00
7273.0 0.0000000000e+00
7282.0 0.0000000000e+00
7291.0 0.0000000000e+00
7300.0 0.0000000000e+00
7309.0 0.0000000000e+00
7318.0 0.0000000000e+00
7327.0 0.0000000000e+00
7336.0 0.0000000000e+00
7345.0 0.0000000000e+00
7354.0 0.0000000000e+00
7363.0 0.0000000000e+00
7372.0 0.0000000000e+00
7381.0 0.0000000000e+00
7390.0 0.0000000000e+00
7399.0 0.0000000000e+00
7408.0 0.0000000000e+00
7417.0 0.0000000000e+00
7426.0 0.0000000000e+00
7435.0 0.0000000000e+00
7444.0 0.0000000000e+00
7453.0 0.0000000000e+00
7462.0 0.0000000000e+00
7471.0 0.0000000000e+00
7480.0 0.0000000000e+00
7489.0 0.0000000000e+00
7498.0 0.0000000000e+00
7507.0 0.0000000000e+00
7516.0 0.0000000000e+00
7525.0 0.0000000000e+00
7534.0 0.0000000000e+00
7543.0 0.0000000000e+00
7552.0 0.0000000000e+00
7561.0 0.0000000000e+00
7570.0 0.0000000000e+00
7579.0 0.0000000000e+00
7588.0 0.0000000000e+00
7597.0 0.0000000000e+00
7606.0 0.0000000000e+00
7615.0 0.0000000000e+00
7624.0 0.0000000000e+00
7633.0 0.0000000000e+00
7642.0 0.0000000000e+00
7651.0 0.0000000000e+00
7660.0 0.0000000000e+00
7669.0 0.0000000000e+00
7678.0 0.0000000000e+00
7687.0 0.0000000000e+00
7696.0 0.0000000000e+00
7705.0 0.0000000000e+00
7714.0 0.0000000000e+00
7723.0 0.0000000000e+00
7732.0 0.0000000000e+00
7741.0 0.0000000000e+00
7750.0 0.0000000000e+00
7759.0 0.0000000000e+00
7768.0 0.0000000000e+00
7777.0 0.0000000000e+00
7786.0 0.0000000000e+00
7795.0 0.0000000000e+00
7804.0 0.0000000000e+00
7813.0 0.0000000000e+00
7822.0 0.0000000000e+00
7831.0 0.0000000000e+00
7840.0 0.0000000000e+00
7849.0 0.0000000000e+00
7858.0 0.0000000000e+00
7867.0 0.0000000000e+00
7876.0 0.0000000000e+00
7885.0 0.0000000000e+00
7894.0 0.0000000000e+00
7903.0 0.0000000000e+00
7912.0 0.0000000000e+00
7921.0 0.0000000000e+00
7930.0 0.0000000000e+00
7939.0 0.0000000000e+00
7948.0 0.0000000000e+00
7957.0 0.0000000000e+00
7966.0 2.1822885061e-305
7975.0 3.3830834375e-297
7984.0 4.0312663108e-289
7993.0 3.7070290338e-281
8002.0 2.6242944539e-273
8011.0 1.4361565001e-265
8020.0 6.0803147180e-258
8029.0 1.9825945407e-250
8038.0 4.9978992035e-243
8047.0 9.7207839149e-236
8056.0 1.4626365203e-228
8065.0 1.6938029671e-221
8074.0 1.5147429383e-214
8083.0 1.0448773633e-207
8092.0 5.5619344072e-201
8101.0 2.2847971436e-194
8110.0 7.2385902195e-188
8119.0 1.7696529633e-181
8128.0 3.3308514829e-175
8137.0 4.7815709592e-169
8146.0 5.3586644633e-163
8155.0 4.6028456609e-157
8164.0 3.0249534289e-151
8173.0 1.5953581820e-145
8182.0 6.3592833343e-140
8191.0 1.9884189992e-134
8200.0 4.7647647965e-129
8209.0 9.0547633613e-124
8218.0 1.2794627956e-118
8227.0 1.3225371866e-113
8236.0 1.1284836409e-108
8245.0 7.7549346099e-104
8254.0 3.9437735050e-99
8263.0 1.5281042489e-94
8272.0 4.6120966699e-90
8281.0 1.0505396822e-85
8290.0 1.8973838576e-81
8299.0 2.6581792150e-77
8308.0 2.8532412858e-73
8317.0 2.3642314215e-69
8326.0 1.5100760283e-65
8335.0 7.5158846002e-62
8344.0 2.8774455261e-58
8353.0 8.5072017194e-55
8362.0 1.9329910299e-51
8371.0 3.4069550398e-48
8380.0 4.6279341218e-45
8389.0 4.8632775662e-42
8398.0 3.9465354585e-39
8407.0 2.4708528074e-36
8416.0 1.1967952004e-33
8425.0 4.4884803088e-31
8434.0 1.2982857159e-28
8443.0 2.9063701717e-26
8452.0 5.0372711136e-24
8461.0 6.7460965864e-22
8470.0 6.9953321261e-20
8479.0 5.6100673730e-18
8488.0 3.4850250654e-16
8497.0 1.6775699211e-14
8506.0 6.2583177271e-13
8515.0 1.8095016320e-11
8524.0 4.0669573354e-10
8533.0 7.1003202142e-09
8542.0 9.6342962586e-08
8551.0 1.0193420995e-06
8560.0 8.4136116900e-06
8569.0 5.4341499019e-05
8578.0 2.7543336108e-04
8587.0 1.1011324678e-03
8596.0 3.4911309026e-03
8605.0 8.8578978967e-03
8614.0 1.8196008670e-02
8623.0 3.0786903147e-02
8632.0 4.3923038452e-02
8641.0 5.4494859986e-02
8650.0 6.0978443780e-02
8659.0 6.3904134412e-02
8668.0 6.4719020143e-02
8677.0 6.4622632115e-02
8686.0 6.4233908494e-02
8695.0 6.3777379443e-02
8704.0 6.3314430709e-02
8713.0 6.2850826571e-02
8722.0 6.2393898907e-02
8731.0 6.1938632357e-02
8740.0 6.1486445109e-02
8749.0 6.1040270782e-02
8758.0 6.0596625025e-02
8767.0 6.0158810074e-02
8776.0 5.9724836004e-02
8785.0 5.9288973357e-02
8794.0 5.8868682277e-02
8803.0 5.8434271904e-02
8812.0 5.8000481505e-02
8821.0 5.7516070519e-02
8830.0 5.6864007260e-02
8839.0 5.5572220999e-02
8848.0 5.2782979546e-02
8857.0 4.7261212927e-02
8866.0 3.8540741165e-02
8875.0 2.7546482468e-02
8884.0 1.6685390436e-02
8893.0 8.3781015066e-03
8902.0 3.4111950414e-03
8911.0 1.1150094481e-03
8920.0 2.8908346652e-04
8929.0 5.9007254330e-05
8938.0 9.4696338338e-06
8947.0 1.1854991919e-06
8956.0 1.1453966715e-07
8965.0 8.6136862125e-09
8974.0 5.1182894289e-10
8983.0 2.3692949481e-11
8992.0 8.0686184815e-13
9001.0 2.3526373204e-14
9010.0 5.0898205882e-16
9019.0 8.5238983551e-18
9028.0 1.1205729682e-19
9037.0 1.1752472076e-21
9046.0 9.1699659325e-24
9055.0 5.5041228157e-26
9064.0 2.5230266032e-28
9073.0 8.7790848726e-31
9082.0 2.4472208567e-33
9091.0 5.2931284958e-36
9100.0 8.8422328839e-39
9109.0 1.1405455535e-41
9118.0 1.1459736042e-44
9127.0 8.7598924972e-48
9136.0 4.9940692142e-51
9145.0 2.4014935706e-54
9154.0 8.2115886450e-58
9163.0 2.2965859816e-61
9172.0 4.8560072726e-65
9181.0 7.8336190207e-69
9190.0 1.0180479497e-72
9199.0 9.9566785171e-77
9208.0 7.5838619164e-81
9217.0 4.3445916546e-85
9226.0 1.9651448581e-89
9235.0 6.7739885113e-94
9244.0 1.7956908462e-98
9253.0 3.7174851762e-103
9262.0 5.9403630026e-108
9271.0 7.3097278085e-113
9280.0 6.6661616333e-118
9289.0 4.7961694880e-123
9298.0 2.6111878693e-128
9307.0 1.0814181565e-133
9316.0 3.3391721828e-139
9325.0 8.1280438673e-145
9334.0 1.6217885938e-150
9343.0 2.1996580354e-156
9352.0 2.9327306295e-162
9361.0 2.6600288150e-168
9370.0 1.9423601958e-174
9379.0 1.0735044162e-180
9388.0 5.0212158391e-187
9397.0 1.8915371973e-193
9406.0 4.6377726066e-200
9415.0 8.8972557721e-207
9424.0 1.2910730090e-213
9433.0 1.3920774458e-220
9442.0 1.1986364998e-227
9451.0 9.2297499781e-235
9460.0 4.6314110665e-242
9469.0 2.0396652231e-249
9478.0 6.4896800296e-257
9487.0 1.6117109529e-264
9496.0 2.9596539927e-272
9505.0 4.3286440146e-280
9514.0 5.5189218539e-288
9523.0 4.2202085417e-296
9532.0 3.0783701657e-304
9541.0 1.6291432353e-312
9550.0 0.0000000000e+00
9559.0 0.0000000000e+00
9568.0 0.0000000000e+00
9577.0 0.0000000000e+00
9586.0 0.0000000000e+00
9595.0 0.0000000000e+00
9604.0 0.0000000000e+00
9613.0 0.0000000000e+00
9622.0 0.0000000000e+00
9631.0 0.0000000000e+00
9640.0 0.0000000000e+00
9649.0 0.0000000000e+00
9658.0 0.0000000000e+00
9667.0 0.0000000000e+00
9676.0 0.0000000000e+00
9685.0 0.0000000000e+00
9694.0 0.0000000000e+00
9703.0 0.0000000000e+00
9712.0 0.0000000000e+00
9721.0 0.0000000000e+00
9730.0 0.0000000000e+00
9739.0 0.0000000000e+00
9748.0 0.0000000000e+00
9757.0 0.0000000000e+00
9766.0 0.0000000000e+00
9775.0 0.0000000000e+00
9784.0 0.0000000000e+00
9793.0 0.0000000000e+00
9802.0 0.0000000000e+00
9811.0 0.0000000000e+00
9820.0 0.0000000000e+00
9829.0 0.0000000000e+00
9838.0 0.0000000000e+00
9847.0 0.0000000000e+00
9856.0 0.0000000000e+00
9865.0 0.0000000000e+00
9874.0 0.0000000000e+00
9883.0 0.0000000000e+00
9892.0 0.0000000000e+00
9901.0 0.0000000000e+00
9910.0 0.0000000000e+00
9919.0 0.0000000000e+00
9928.0 0.0000000000e+00
9937.0 0.0000000000e+00
9946.0 0.0000000000e+00
9955.0 0.0000000000e+00
9964.0 0.0000000000e+00
9973.0 0.0000000000e+00
9982.0 0.0000000000e+00
9991.0 0.0000000000e+00
10000.0 0.0000000000e+00
