wave throughput
1000.0 0.0000000000e+00
1009.0 0.0000000000e+00
1018.0 0.0000000000e+00
1027.0 0.0000000000e+00
1036.0 0.0000000000e+00
1045.0 0.0000000000e+00
1054.0 0.0000000000e+00
1063.0 0.0000000000e+00
1072.0 0.0000000000e+00
1081.0 0.0000000000e+00
1090.0 0.0000000000e+00
1099.0 0.0000000000e+00
1108.0 0.0000000000e+00
1117.0 0.0000000000e+00
1126.0 0.0000000000e+00
1135.0 0.0000000000e+00
1144.0 0.0000000000e+00
1153.0 0.0000000000e+00
1162.0 0.0000000000e+00
1171.0 0.0000000000e+00
1180.0 0.0000000000e+00
1189.0 0.0000000000e+00
1198.0 0.0000000000e+00
1207.0 0.0000000000e+00
1216.0 0.0000000000e+00
1225.0 0.0000000000e+00
1234.0 0.0000000000e+00
1243.0 0.0000000000e+00
1252.0 0.0000000000e+00
1261.0 0.0000000000e+00
1270.0 0.0000000000e+00
1279.0 0.0000000000e+00
1288.0 0.0000000000e+00
1297.0 0.0000000000e+00
1306.0 0.0000000000e+00
1315.0 0.0000000000e+00
1324.0 0.0000000000e+00
1333.0 0.0000000000e+00
1342.0 0.0000000000e+00
1351.0 0.0000000000e+00
1360.0 0.0000000000e+00
1369.0 0.0000000000e+00
1378.0 0.0000000000e+00
1387.0 0.0000000000e+00
1396.0 0.0000000000e+00
1405.0 0.0000000000e+00
1414.0 0.0000000000e+00
1423.0 0.0000000000e+00
1432.0 0.0000000000e+00
1441.0 0.0000000000e+00
1450.0 0.0000000000e+00
1459.0 0.0000000000e+00
1468.0 0.0000000000e+00
1477.0 0.0000000000e+00
1486.0 0.0000000000e+00
1495.0 0.0000000000e+00
1504.0 0.0000000000e+00
1513.0 0.0000000000e+00
1522.0 0.0000000000e+00
1531.0 0.0000000000e+00
1540.0 0.0000000000e+00
1549.0 0.0000000000e+00
1558.0 0.0000000000e+00
1567.0 0.0000000000e+00
1576.0 0.0000000000e+00
1585.0 0.0000000000e+00
1594.0 0.0000000000e+00
1603.0 0.0000000000e+00
1612.0 0.0000000000e+00
1621.0 0.0000000000e+00
1630.0 0.0000000000e+00
1639.0 0.0000000000e+00
1648.0 0.0000000000e+00
1657.0 0.0000000000e+00
1666.0 0.0000000000e+00
1675.0 0.0000000000e+00
1684.0 0.0000000000e+00
1693.0 0.0000000000e+00
1702.0 0.0000000000e+00
1711.0 0.0000000000e+00
1720.0 0.0000000000e+00
1729.0 0.0000000000e+00
1738.0 0.0000000000e+00
1747.0 0.0000000000e+00
1756.0 0.0000000000e+00
1765.0 0.0000000000e+00
1774.0 0.0000000000e+00
1783.0 0.0000000000e+00
1792.0 0.0000000000e+00
1801.0 0.0000000000e+00
1810.0 0.0000000000e+00
1819.0 0.0000000000e+00
1828.0 0.0000000000e+00
1837.0 0.0000000000e+00
1846.0 0.0000000000e+00
1855.0 0.0000000000e+00
1864.0 0.0000000000e+00
1873.0 0.0000000000e+00
1882.0 0.0000000000e+00
1891.0 0.0000000000e+00
1900.0 0.0000000000e+00
1909.0 0.0000000000e+00
1918.0 0.0000000000e+00
1927.0 0.0000000000e+00
1936.0 0.0000000000e+00
1945.0 0.0000000000e+00
1954.0 0.0000000000e+00
1963.0 0.0000000000e+00
1972.0 0.0000000000e+00
1981.0 0.0000000000e+00
1990.0 0.0000000000e+00
1999.0 0.0000000000e+00
2008.0 0.0000000000e+00
2017.0 0.0000000000e+00
2026.0 0.0000000000e+00
2035.0 0.0000000000e+00
2044.0 0.0000000000e+00
2053.0 0.0000000000e+00
2062.0 0.0000000000e+00
2071.0 0.0000000000e+00
2080.0 0.0000000000e+00
2089.0 0.0000000000e+00
2098.0 0.0000000000e+00
2107.0 0.0000000000e+00
2116.0 0.0000000000e+00
2125.0 0.0000000000e+00
2134.0 0.0000000000e+00
2143.0 0.0000000000e+00
2152.0 0.0000000000e+00
2161.0 0.0000000000e+00
2170.0 0.0000000000e+00
2179.0 0.0000000000e+00
2188.0 0.0000000000e+00
2197.0 0.0000000000e+00
2206.0 0.0000000000e+00
2215.0 0.0000000000e+00
2224.0 0.0000000000e+00
2233.0 0.0000000000e+00
2242.0 0.0000000000e+00
2251.0 0.0000000000e+00
2260.0 0.0000000000e+00
2269.0 0.0000000000e+00
2278.0 0.0000000000e+00
2287.0 0.0000000000e+00
2296.0 0.0000000000e+00
2305.0 0.0000000000e+00
2314.0 0.0000000000e+00
2323.0 0.0000000000e+00
2332.0 0.0000000000e+00
2341.0 0.0000000000e+00
2350.0 0.0000000000e+00
2359.0 0.0000000000e+00
2368.0 0.0000000000e+00
2377.0 0.0000000000e+00
2386.0 0.0000000000e+00
2395.0 0.0000000000e+00
2404.0 0.0000000000e+00
2413.0 0.0000000000e+00
2422.0 0.0000000000e+00
2431.0 0.0000000000e+00
2440.0 0.0000000000e+00
2449.0 0.0000000000e+00
2458.0 0.0000000000e+00
2467.0 0.0000000000e+00
2476.0 0.0000000000e+00
2485.0 0.0000000000e+00
2494.0 0.0000000000e+00
2503.0 0.0000000000e+00
2512.0 0.0000000000e+00
2521.0 0.0000000000e+00
2530.0 0.0000000000e+00
2539.0 0.0000000000e+00
2548.0 0.0000000000e+00
2557.0 0.0000000000e+00
2566.0 0.0000000000e+00
2575.0 0.0000000000e+00
2584.0 0.0000000000e+00
2593.0 0.0000000000e+00
2602.0 0.0000000000e+00
2611.0 0.0000000000e+00
2620.0 0.0000000000e+00
2629.0 0.0000000000e+00
2638.0 0.0000000000e+00
2647.0 0.0000000000e+00
2656.0 0.0000000000e+00
2665.0 0.0000000000e+00
2674.0 0.0000000000e+00
2683.0 0.0000000000e+00
2692.0 0.0000000000e+00
2701.0 0.0000000000e+00
2710.0 0.0000000000e+00
2719.0 0.0000000000e+00
2728.0 0.0000000000e+00
2737.0 0.0000000000e+00
2746.0 0.0000000000e+00
2755.0 0.0000000000e+00
2764.0 0.0000000000e+00
2773.0 0.0000000000e+00
2782.0 0.0000000000e+00
2791.0 0.0000000000e+00
2800.0 0.0000000000e+00
2809.0 0.0000000000e+00
2818.0 0.0000000000e+00
2827.0 0.0000000000e+00
2836.0 0.0000000000e+00
2845.0 0.0000000000e+00
2854.0 0.0000000000e+00
2863.0 0.0000000000e+00
2872.0 0.0000000000e+00
2881.0 0.0000000000e+00
2890.0 0.0000000000e+00
2899.0 0.0000000000e+00
2908.0 0.0000000000e+00
2917.0 0.0000000000e+00
2926.0 0.0000000000e+00
2935.0 0.0000000000e+00
2944.0 0.0000000000e+00
2953.0 0.0000000000e+00
2962.0 0.0000000000e+00
2971.0 0.0000000000e+00
2980.0 0.0000000000e+00
2989.0 0.0000000000e+00
2998.0 0.0000000000e+00
3007.0 0.0000000000e+00
3016.0 0.0000000000e+00
3025.0 0.0000000000e+00
3034.0 0.0000000000e+00
3043.0 0.0000000000e+00
3052.0 0.0000000000e+00
3061.0 0.0000000000e+00
3070.0 0.0000000000e+00
3079.0 0.0000000000e+00
3088.0 0.0000000000e+00
3097.0 0.0000000000e+00
3106.0 0.0000000000e+00
3115.0 0.0000000000e+00
3124.0 0.0000000000e+00
3133.0 0.0000000000e+00
3142.0 0.0000000000e+00
3151.0 0.0000000000e+00
3160.0 0.0000000000e+00
3169.0 0.0000000000e+00
3178.0 0.0000000000e+00
3187.0 0.0000000000e+00
3196.0 0.0000000000e+00
3205.0 0.0000000000e+00
3214.0 0.0000000000e+00
3223.0 0.0000000000e+00
3232.0 0.0000000000e+00
3241.0 0.0000000000e+00
3250.0 0.0000000000e+00
3259.0 0.0000000000e+00
3268.0 0.0000000000e+00
3277.0 0.0000000000e+00
3286.0 0.0000000000e+00
3295.0 0.0000000000e+00
3304.0 0.0000000000e+00
3313.0 0.0000000000e+00
3322.0 0.0000000000e+00
3331.0 0.0000000000e+00
3340.0 0.0000000000e+00
3349.0 0.0000000000e+00
3358.0 0.0000000000e+00
3367.0 0.0000000000e+00
3376.0 0.0000000000e+00
3385.0 0.0000000000e+00
3394.0 0.0000000000e+00
3403.0 0.0000000000e+00
3412.0 0.0000000000e+00
3421.0 0.0000000000e+00
3430.0 0.0000000000e+00
3439.0 0.0000000000e+00
3448.0 0.0000000000e+00
3457.0 0.0000000000e+00
3466.0 0.0000000000e+00
3475.0 0.0000000000e+00
3484.0 0.0000000000e+00
3493.0 0.0000000000e+00
3502.0 0.0000000000e+00
3511.0 0.0000000000e+00
3520.0 0.0000000000e+00
3529.0 0.0000000000e+00
3538.0 0.0000000000e+00
3547.0 0.0000000000e+00
3556.0 0.0000000000e+00
3565.0 0.0000000000e+00
3574.0 0.0000000000e+00
3583.0 0.0000000000e+00
3592.0 0.0000000000e+00
3601.0 0.0000000000e+00
3610.0 0.0000000000e+00
3619.0 0.0000000000e+00
3628.0 0.0000000000e+00
3637.0 0.0000000000e+00
3646.0 0.0000000000e+00
3655.0 0.0000000000e+00
3664.0 0.0000000000e+00
3673.0 0.0000000000e+00
3682.0 0.0000000000e+00
3691.0 0.0000000000e+00
3700.0 0.0000000000e+00
3709.0 0.0000000000e+00
3718.0 0.0000000000e+00
3727.0 0.0000000000e+00
3736.0 0.0000000000e+00
3745.0 0.0000000000e+00
3754.0 0.0000000000e+00
3763.0 0.0000000000e+00
3772.0 0.0000000000e+00
3781.0 0.0000000000e+00
3790.0 0.0000000000e+00
3799.0 0.0000000000e+00
3808.0 0.0000000000e+00
3817.0 0.0000000000e+00
3826.0 0.0000000000e+00
3835.0 0.0000000000e+00
3844.0 0.0000000000e+00
3853.0 0.0000000000e+00
3862.0 0.0000000000e+00
3871.0 0.0000000000e+00
3880.0 0.0000000000e+00
3889.0 0.0000000000e+00
3898.0 0.0000000000e+00
3907.0 0.0000000000e+00
3916.0 0.0000000000e+00
3925.0 0.0000000000e+00
3934.0 0.0000000000e+00
3943.0 0.0000000000e+00
3952.0 0.0000000000e+00
3961.0 0.0000000000e+00
3970.0 0.0000000000e+00
3979.0 0.0000000000e+00
3988.0 0.0000000000e+00
3997.0 0.0000000000e+00
4006.0 0.0000000000e+00
4015.0 0.0000000000e+00
4024.0 0.0000000000e+00
4033.0 0.0000000000e+00
4042.0 0.0000000000e+00
4051.0 0.0000000000e+00
4060.0 0.0000000000e+00
4069.0 0.0000000000e+00
4078.0 0.0000000000e+00
4087.0 0.0000000000e+00
4096.0 0.0000000000e+00
4105.0 0.0000000000e+00
4114.0 0.0000000000e+00
4123.0 0.0000000000e+00
4132.0 0.0000000000e+00
4141.0 0.0000000000e+00
4150.0 0.0000000000e+00
4159.0 0.0000000000e+00
4168.0 0.0000000000e+00
4177.0 0.0000000000e+00
4186.0 0.0000000000e+00
4195.0 0.0000000000e+00
4204.0 0.0000000000e+00
4213.0 0.0000000000e+00
4222.0 0.0000000000e+00
4231.0 0.0000000000e+00
4240.0 0.0000000000e+00
4249.0 0.0000000000e+00
4258.0 0.0000000000e+00
4267.0 0.0000000000e+00
4276.0 0.0000000000e+00
4285.0 0.0000000000e+00
4294.0 0.0000000000e+00
4303.0 0.0000000000e+00
4312.0 0.0000000000e+00
4321.0 0.0000000000e+00
4330.0 0.0000000000e+00
4339.0 0.0000000000e+00
4348.0 0.0000000000e+00
4357.0 0.0000000000e+00
4366.0 0.0000000000e+00
4375.0 0.0000000000e+00
4384.0 0.0000000000e+00
4393.0 0.0000000000e+00
4402.0 0.0000000000e+00
4411.0 0.0000000000e+00
4420.0 0.0000000000e+00
4429.0 0.0000000000e+00
4438.0 0.0000000000e+00
4447.0 0.0000000000e+00
4456.0 0.0000000000e+00
4465.0 0.0000000000e+00
4474.0 0.0000000000e+00
4483.0 0.0000000000e+00
4492.0 0.0000000000e+00
4501.0 0.0000000000e+00
4510.0 0.0000000000e+00
4519.0 0.0000000000e+00
4528.0 0.0000000000e+00
4537.0 0.0000000000e+00
4546.0 0.0000000000e+00
4555.0 0.0000000000e+00
4564.0 0.0000000000e+00
4573.0 0.0000000000e+00
4582.0 0.0000000000e+00
4591.0 0.0000000000e+00
4600.0 0.0000000000e+00
4609.0 0.0000000000e+00
4618.0 0.0000000000e+00
4627.0 0.0000000000e+00
4636.0 0.0000000000e+00
4645.0 0.0000000000e+00
4654.0 0.0000000000e+00
4663.0 0.0000000000e+00
4672.0 0.0000000000e+00
4681.0 0.0000000000e+00
4690.0 0.0000000000e+00
4699.0 0.0000000000e+00
4708.0 0.0000000000e+00
4717.0 8.5505385935e-304
4726.0 1.2974751249e-295
4735.0 1.5193355715e-287
4744.0 1.3727057983e-279
4753.0 9.5666597064e-272
4762.0 5.1438273955e-264
4771.0 2.1357924962e-256
4780.0 6.8506698361e-249
4789.0 1.6969619434e-241
4798.0 3.2444869872e-234
4807.0 4.7878158268e-227
4816.0 5.4524424712e-220
4825.0 4.7918733380e-213
4834.0 3.2503383816e-206
4843.0 1.7016647543e-199
4852.0 6.8755130117e-193
4861.0 2.1439851273e-186
4870.0 5.1592605127e-180
4879.0 9.5821735493e-174
4888.0 1.3733685013e-167
4897.0 1.5192073843e-161
4906.0 1.2972308534e-155
4915.0 8.5508189794e-150
4924.0 4.3508385890e-144
4933.0 1.7088604482e-138
4942.0 5.1808825108e-133
4951.0 1.2124771721e-127
4960.0 2.1901862717e-122
4969.0 3.0538367391e-117
4978.0 3.2868455279e-112
4987.0 2.7306162660e-107
4996.0 1.7512242853e-102
5005.0 8.6699999353e-98
5014.0 3.3139697254e-93
5023.0 9.7793646350e-89
5032.0 2.2278202891e-84
5041.0 3.9174991347e-80
5050.0 5.3303311277e-76
5059.0 5.5931572729e-72
5068.0 4.5354627427e-68
5077.0 2.8402752864e-64
5086.0 1.3741401194e-60
5095.0 5.1335397717e-57
5104.0 1.4812796429e-53
5113.0 3.3007438908e-50
5122.0 5.6808110608e-47
5131.0 7.5525825742e-44
5140.0 7.7575543667e-41
5149.0 6.1567956578e-38
5158.0 3.7762967458e-35
5167.0 1.7902003018e-32
5176.0 6.5603633649e-30
5185.0 1.8585420232e-27
5194.0 4.0714332031e-25
5203.0 6.8978915326e-23
5212.0 9.0393184529e-21
5221.0 9.1655510561e-19
5230.0 7.1933469536e-17
5239.0 4.3715084565e-15
5248.0 2.0579015200e-13
5257.0 7.5098309770e-12
5266.0 2.1255016796e-10
5275.0 4.6698112726e-09
5284.0 7.9718289423e-08
5293.0 1.0587303032e-06
5302.0 1.0955595466e-05
5311.0 8.8507278286e-05
5320.0 5.5966678850e-04
5329.0 2.7796266824e-03
5338.0 1.0892999234e-02
5347.0 3.3895237589e-02
5356.0 8.4489106275e-02
5365.0 1.7079706038e-01
5374.0 2.8499360235e-01
5383.0 4.0211063569e-01
5392.0 4.9513633551e-01
5401.0 5.5219582430e-01
5410.0 5.7881464258e-01
5419.0 5.8809847067e-01
5428.0 5.9009006460e-01
5437.0 5.8947510549e-01
5446.0 5.8858212458e-01
5455.0 5.8746006929e-01
5464.0 5.8626013274e-01
5473.0 5.8528350709e-01
5482.0 5.8420135778e-01
5491.0 5.8312169424e-01
5500.0 5.8197300285e-01
5509.0 5.8080101260e-01
5518.0 5.7960470765e-01
5527.0 5.7838004256e-01
5536.0 5.7711136814e-01
5545.0 5.7580527421e-01
5554.0 5.7443950087e-01
5563.0 5.7292359448e-01
5572.0 5.7081247665e-01
5581.0 5.6644946291e-01
5590.0 5.5496343314e-01
5599.0 5.2686956216e-01
5608.0 4.7027959777e-01
5617.0 3.8022204117e-01
5626.0 2.6833002852e-01
5635.0 1.6015635633e-01
5644.0 7.8908815732e-02
5653.0 3.1533845757e-02
5662.0 1.0093653966e-02
5671.0 2.5646664480e-03
5680.0 5.1398537356e-04
5689.0 8.0830784262e-05
5698.0 9.9583964337e-06
5707.0 9.5813129422e-07
5716.0 7.1769313089e-08
5725.0 4.1819341647e-09
5734.0 1.8944938879e-10
5743.0 6.6617839560e-12
5752.0 1.8179577622e-13
5761.0 3.8459677754e-15
5770.0 6.3053629449e-17
5779.0 8.0083585361e-19
5788.0 7.8782985269e-21
5797.0 6.0014083988e-23
5806.0 3.5382395507e-25
5815.0 1.6131474919e-27
5824.0 5.6855432114e-30
5833.0 1.5487105259e-32
5842.0 3.2605496124e-35
5851.0 5.3042272671e-38
5860.0 6.6672461128e-41
5869.0 6.4735405300e-44
5878.0 4.8516243585e-47
5887.0 2.8009546396e-50
5896.0 1.2537068553e-53
5905.0 4.3392020113e-57
5914.0 1.1598473264e-60
5923.0 2.3864837791e-64
5932.0 3.8169711256e-68
5941.0 4.6855783783e-72
5950.0 4.4466095661e-76
5959.0 3.2704132221e-80
5968.0 1.8527977586e-84
5977.0 8.1097578886e-89
5986.0 2.7427757704e-93
5995.0 7.1539700968e-98
6004.0 1.4417681093e-102
6013.0 2.2431026533e-107
6022.0 2.6940889275e-112
6031.0 2.4984967812e-117
6040.0 1.7890752031e-122
6049.0 9.8901511604e-128
6058.0 4.2213080111e-133
6067.0 1.3910538491e-138
6076.0 3.5390755924e-144
6085.0 6.9503551708e-150
6094.0 1.0537357592e-155
6103.0 1.2332661067e-161
6112.0 1.1141517216e-167
6121.0 7.7691846937e-174
6130.0 4.1817472916e-180
6139.0 1.7372250196e-186
6148.0 5.5706350724e-193
6157.0 1.3787640504e-199
6166.0 2.6338602715e-206
6175.0 3.8833037290e-213
6184.0 4.4189923596e-220
6193.0 3.8810709530e-227
6202.0 2.6305805142e-234
6211.0 1.3761024168e-241
6220.0 5.5558765813e-249
6229.0 1.7311313258e-256
6238.0 4.1632856206e-264
6247.0 7.7273140314e-272
6256.0 1.1070102646e-279
6265.0 1.2238474150e-287
6274.0 1.0390045593e-295
6283.0 6.6880873092e-304
6292.0 0.0000000000e+00
6301.0 0.0000000000e+00
6310.0 0.0000000000e+00
6319.0 0.0000000000e+00
6328.0 0.0000000000e+00
6337.0 0.0000000000e+00
6346.0 0.0000000000e+00
6355.0 0.0000000000e+00
6364.0 0.0000000000e+00
6373.0 0.0000000000e+00
6382.0 0.0000000000e+00
6391.0 0.0000000000e+00
6400.0 0.0000000000e+00
6409.0 0.0000000000e+00
6418.0 0.0000000000e+00
6427.0 0.0000000000e+00
6436.0 0.0000000000e+00
6445.0 0.0000000000e+00
6454.0 0.0000000000e+00
6463.0 0.0000000000e+00
6472.0 0.0000000000e+00
6481.0 0.0000000000e+00
6490.0 0.0000000000e+00
6499.0 0.0000000000e+00
6508.0 0.0000000000e+00
6517.0 0.0000000000e+00
6526.0 0.0000000000e+00
6535.0 0.0000000000e+00
6544.0 0.0000000000e+00
6553.0 0.0000000000e+00
6562.0 0.0000000000e+00
6571.0 0.0000000000e+00
6580.0 0.0000000000e+00
6589.0 0.0000000000e+00
6598.0 0.0000000000e+00
6607.0 0.0000000000e+00
6616.0 0.0000000000e+00
6625.0 0.0000000000e+00
6634.0 0.0000000000e+00
6643.0 0.0000000000e+00
6652.0 0.0000000000e+00
6661.0 0.0000000000e+00
6670.0 0.0000000000e+00
6679.0 0.0000000000e+00
6688.0 0.0000000000e+00
6697.0 0.0000000000e+00
6706.0 0.0000000000e+00
6715.0 0.0000000000e+00
6724.0 0.0000000000e+00
6733.0 0.0000000000e+00
6742.0 0.0000000000e+00
6751.0 0.0000000000e+00
6760.0 0.0000000000e+00
6769.0 0.0000000000e+00
6778.0 0.0000000000e+00
6787.0 0.0000000000e+00
6796.0 0.0000000000e+00
6805.0 0.0000000000e+00
6814.0 0.0000000000e+00
6823.0 0.0000000000e+00
6832.0 0.0000000000e+00
6841.0 0.0000000000e+00
6850.0 0.0000000000e+00
6859.0 0.0000000000e+00
6868.0 0.0000000000e+00
6877.0 0.0000000000e+00
6886.0 0.0000000000e+00
6895.0 0.0000000000e+00
6904.0 0.0000000000e+00
6913.0 0.0000000000e+00
6922.0 0.0000000000e+00
6931.0 0.0000000000e+00
6940.0 0.0000000000e+00
6949.0 0.0000000000e+00
6958.0 0.0000000000e+00
6967.0 0.0000000000e+00
6976.0 0.0000000000e+00
6985.0 0.0000000000e+00
6994.0 0.0000000000e+00
7003.0 0.0000000000e+00
7012.0 0.0000000000e+00
7021.0 0.0000000000e+00
7030.0 0.0000000000e+00
7039.0 0.0000000000e+00
7048.0 0.0000000000e+00
7057.0 0.0000000000e+00
7066.0 0.0000000000e+00
7075.0 0.0000000000e+00
7084.0 0.0000000000e+00
7093.0 0.0000000000e+00
7102.0 0.0000000000e+00
7111.0 0.0000000000e+00
7120.0 0.0000000000e+00
7129.0 0.0000000000e+00
7138.0 0.0000000000e+00
7147.0 0.0000000000e+00
7156.0 0.0000000000e+00
7165.0 0.0000000000e+00
7174.0 0.0000000000e+00
7183.0 0.0000000000e+00
7192.0 0.0000000000e+00
7201.0 0.0000000000e+00
7210.0 0.0000000000e+00
7219.0 0.0000000000e+00
7228.0 0.0000000000e+00
7237.0 0.0000000000e+00
7246.0 0.0000000000e+00
7255.0 0.0000000000e+00
7264.0 0.0000000000e+00
7273.0 0.0000000000e+00
7282.0 0.0000000000e+00
7291.0 0.0000000000e+00
7300.0 0.0000000000e+00
7309.0 0.0000000000e+00
7318.0 0.0000000000e+00
7327.0 0.0000000000e+00
7336.0 0.0000000000e+00
7345.0 0.0000000000e+00
7354.0 0.0000000000e+00
7363.0 0.0000000000e+00
7372.0 0.0000000000e+00
7381.0 0.0000000000e+00
7390.0 0.0000000000e+00
7399.0 0.0000000000e+00
7408.0 0.0000000000e+00
7417.0 0.0000000000e+00
7426.0 0.0000000000e+00
7435.0 0.0000000000e+00
7444.0 0.0000000000e+00
7453.0 0.0000000000e+00
7462.0 0.0000000000e+00
7471.0 0.0000000000e+00
7480.0 0.0000000000e+00
7489.0 0.0000000000e+00
7498.0 0.0000000000e+00
7507.0 0.0000000000e+00
7516.0 0.0000000000e+00
7525.0 0.0000000000e+00
7534.0 0.0000000000e+00
7543.0 0.0000000000e+00
7552.0 0.0000000000e+00
7561.0 0.0000000000e+00
7570.0 0.0000000000e+00
7579.0 0.0000000000e+00
7588.0 0.0000000000e+00
7597.0 0.0000000000e+00
7606.0 0.0000000000e+00
7615.0 0.0000000000e+00
7624.0 0.0000000000e+00
7633.0 0.0000000000e+00
7642.0 0.0000000000e+00
7651.0 0.0000000000e+00
7660.0 0.0000000000e+00
7669.0 0.0000000000e+00
7678.0 0.0000000000e+00
7687.0 0.0000000000e+00
7696.0 0.0000000000e+00
7705.0 0.0000000000e+00
7714.0 0.0000000000e+00
7723.0 0.0000000000e+00
7732.0 0.0000000000e+00
7741.0 0.0000000000e+00
7750.0 0.0000000000e+00
7759.0 0.0000000000e+00
7768.0 0.0000000000e+00
7777.0 0.0000000000e+00
7786.0 0.0000000000e+00
7795.0 0.0000000000e+00
7804.0 0.0000000000e+00
7813.0 0.0000000000e+00
7822.0 0.0000000000e+00
7831.0 0.0000000000e+00
7840.0 0.0000000000e+00
7849.0 0.0000000000e+00
7858.0 0.0000000000e+00
7867.0 0.0000000000e+00
7876.0 0.0000000000e+00
7885.0 0.0000000000e+00
7894.0 0.0000000000e+00
7903.0 0.0000000000e+00
7912.0 0.0000000000e+00
7921.0 0.0000000000e+00
7930.0 0.0000000000e+00
7939.0 0.0000000000e+00
7948.0 0.0000000000e+00
7957.0 0.0000000000e+00
7966.0 0.0000000000e+00
7975.0 0.0000000000e+00
7984.0 0.0000000000e+00
7993.0 0.0000000000e+00
8002.0 0.0000000000e+00
8011.0 0.0000000000e+00
8020.0 0.0000000000e+00
8029.0 0.0000000000e+00
8038.0 0.0000000000e+00
8047.0 0.0000000000e+00
8056.0 0.0000000000e+00
8065.0 0.0000000000e+00
8074.0 0.0000000000e+00
8083.0 0.0000000000e+00
8092.0 0.0000000000e+00
8101.0 0.0000000000e+00
8110.0 0.0000000000e+00
8119.0 0.0000000000e+00
8128.0 0.0000000000e+00
8137.0 0.0000000000e+00
8146.0 0.0000000000e+00
8155.0 0.0000000000e+00
8164.0 0.0000000000e+00
8173.0 0.0000000000e+00
8182.0 0.0000000000e+00
8191.0 0.0000000000e+00
8200.0 0.0000000000e+00
8209.0 0.0000000000e+00
8218.0 0.0000000000e+00
8227.0 0.0000000000e+00
8236.0 0.0000000000e+00
8245.0 0.0000000000e+00
8254.0 0.0000000000e+00
8263.0 0.0000000000e+00
8272.0 0.0000000000e+00
8281.0 0.0000000000e+00
8290.0 0.0000000000e+00
8299.0 0.0000000000e+00
8308.0 0.0000000000e+00
8317.0 0.0000000000e+00
8326.0 0.0000000000e+00
8335.0 0.0000000000e+00
8344.0 0.0000000000e+00
8353.0 0.0000000000e+00
8362.0 0.0000000000e+00
8371.0 0.0000000000e+00
8380.0 0.0000000000e+00
8389.0 0.0000000000e+00
8398.0 0.0000000000e+00
8407.0 0.0000000000e+00
8416.0 0.0000000000e+00
8425.0 0.0000000000e+00
8434.0 0.0000000000e+00
8443.0 0.0000000000e+00
8452.0 0.0000000000e+00
8461.0 0.0000000000e+00
8470.0 0.0000000000e+00
8479.0 0.0000000000e+00
8488.0 0.0000000000e+00
8497.0 0.0000000000e+00
8506.0 0.0000000000e+00
8515.0 0.0000000000e+00
8524.0 0.0000000000e+00
8533.0 0.0000000000e+00
8542.0 0.0000000000e+00
8551.0 0.0000000000e+00
8560.0 0.0000000000e+00
8569.0 0.0000000000e+00
8578.0 0.0000000000e+00
8587.0 0.0000000000e+00
8596.0 0.0000000000e+00
8605.0 0.0000000000e+00
8614.0 0.0000000000e+00
8623.0 0.0000000000e+00
8632.0 0.0000000000e+00
8641.0 0.0000000000e+00
8650.0 0.0000000000e+00
8659.0 0.0000000000e+00
8668.0 0.0000000000e+00
8677.0 0.0000000000e+00
8686.0 0.0000000000e+00
8695.0 0.0000000000e+00
8704.0 0.0000000000e+00
8713.0 0.0000000000e+00
8722.0 0.0000000000e+00
8731.0 0.0000000000e+00
8740.0 0.0000000000e+00
8749.0 0.0000000000e+00
8758.0 0.0000000000e+00
8767.0 0.0000000000e+00
8776.0 0.0000000000e+00
8785.0 0.0000000000e+00
8794.0 0.0000000000e+00
8803.0 0.0000000000e+00
8812.0 0.0000000000e+00
8821.0 0.0000000000e+00
8830.0 0.0000000000e+00
8839.0 0.0000000000e+00
8848.0 0.0000000000e+00
8857.0 0.0000000000e+00
8866.0 0.0000000000e+00
8875.0 0.0000000000e+00
8884.0 0.0000000000e+00
8893.0 0.0000000000e+00
8902.0 0.0000000000e+00
8911.0 0.0000000000e+00
8920.0 0.0000000000e+00
8929.0 0.0000000000e+00
8938.0 0.0000000000e+00
8947.0 0.0000000000e+00
8956.0 0.0000000000e+00
8965.0 0.0000000000e+00
8974.0 0.0000000000e+00
8983.0 0.0000000000e+00
8992.0 0.0000000000e+00
9001.0 0.0000000000e+00
9010.0 0.0000000000e+00
9019.0 0.0000000000e+00
9028.0 0.0000000000e+00
9037.0 0.0000000000e+00
9046.0 0.0000000000e+00
9055.0 0.0000000000e+00
9064.0 0.0000000000e+00
9073.0 0.0000000000e+00
9082.0 0.0000000000e+00
9091.0 0.0000000000e+00
9100.0 0.0000000000e+00
9109.0 0.0000000000e+00
9118.0 0.0000000000e+00
9127.0 0.0000000000e+00
9136.0 0.0000000000e+00
9145.0 0.0000000000e+00
9154.0 0.0000000000e+00
9163.0 0.0000000000e+00
9172.0 0.0000000000e+00
9181.0 0.0000000000e+00
9190.0 0.0000000000e+00
9199.0 0.0000000000e+00
9208.0 0.0000000000e+00
9217.0 0.0000000000e+00
9226.0 0.0000000000e+00
9235.0 0.0000000000e+00
9244.0 0.0000000000e+00
9253.0 0.0000000000e+00
9262.0 0.0000000000e+00
9271.0 0.0000000000e+00
9280.0 0.0000000000e+00
9289.0 0.0000000000e+00
9298.0 0.0000000000e+00
9307.0 0.0000000000e+00
9316.0 0.0000000000e+00
9325.0 0.0000000000e+00
9334.0 0.0000000000e+00
9343.0 0.0000000000e+00
9352.0 0.0000000000e+00
9361.0 0.0000000000e+00
9370.0 0.0000000000e+00
9379.0 0.0000000000e+00
9388.0 0.0000000000e+00
9397.0 0.0000000000e+00
9406.0 0.0000000000e+00
9415.0 0.0000000000e+00
9424.0 0.0000000000e+00
9433.0 0.0000000000e+00
9442.0 0.0000000000e+00
9451.0 0.0000000000e+00
9460.0 0.0000000000e+00
9469.0 0.0000000000e+00
9478.0 0.0000000000e+00
9487.0 0.0000000000e+00
9496.0 0.0000000000e+00
9505.0 0.0000000000e+00
9514.0 0.0000000000e+00
9523.0 0.0000000000e+00
9532.0 0.0000000000e+00
9541.0 0.0000000000e+00
9550.0 0.0000000000e+00
9559.0 0.0000000000e+00
9568.0 0.0000000000e+00
9577.0 0.0000000000e+00
9586.0 0.0000000000e+00
9595.0 0.0000000000e+00
9604.0 0.0000000000e+00
9613.0 0.0000000000e+00
9622.0 0.0000000000e+00
9631.0 0.0000000000e+00
9640.0 0.0000000000e+00
9649.0 0.0000000000e+00
9658.0 0.0000000000e+00
9667.0 0.0000000000e+00
9676.0 0.0000000000e+00
9685.0 0.0000000000e+00
9694.0 0.0000000000e+00
9703.0 0.0000000000e+00
9712.0 0.0000000000e+00
9721.0 0.0000000000e+00
9730.0 0.0000000000e+00
9739.0 0.0000000000e+00
9748.0 0.0000000000e+00
9757.0 0.0000000000e+00
9766.0 0.0000000000e+00
9775.0 0.0000000000e+00
9784.0 0.0000000000e+00
9793.0 0.0000000000e+00
9802.0 0.0000000000e+00
9811.0 0.0000000000e+00
9820.0 0.0000000000e+00
9829.0 0.0000000000e+00
9838.0 0.0000000000e+00
9847.0 0.0000000000e+00
9856.0 0.0000000000e+00
9865.0 0.0000000000e+00
9874.0 0.0000000000e+00
9883.0 0.0000000000e+00
9892.0 0.0000000000e+00
9901.0 0.0000000000e+00
9910.0 0.0000000000e+00
9919.0 0.0000000000e+00
9928.0 0.0000000000e+00
9937.0 0.0000000000e+00
9946.0 0.0000000000e+00
9955.0 0.0000000000e+00
9964.0 0.0000000000e+00
9973.0 0.0000000000e+00
9982.0 0.0000000000e+00
9991.0 0.0000000000e+00
10000.0 0.0000000000e+00
