wave throughput
1000.0 0.0
1009.0 0.0
1018.0 0.0
1027.0 0.0
1036.0000000000002 0.0
1045.0 0.0
1054.0 0.0
1063.0 0.0
1072.0 0.0
1081.0 0.0
1090.0 0.0
1099.0 0.0
1108.0 0.0
1117.0 0.0
1126.0 0.0
1135.0 0.0
1144.0 0.0
1153.0 0.0
1162.0 0.0
1171.0 0.0
1180.0 0.0
1189.0 0.0
1198.0 0.0
1207.0 0.0
1216.0000000000002 0.0
1225.0 0.0
1234.0 0.0
1243.0 0.0
1252.0 0.0
1261.0 0.0
1270.0 0.0
1279.0000000000002 0.0
1288.0 0.0
1297.0 0.0
1306.0 0.0
1315.0 0.0
1324.0000000000002 0.0
1333.0 0.0
1342.0000000000002 0.0
1351.0 0.0
1360.0 0.0
1369.0000000000002 0.0
1378.0 0.0
1387.0 0.0
1396.0 0.0
1405.0000000000002 0.0
1414.0 0.0
1423.0 0.0
1432.0 0.0
1441.0 0.0
1450.0000000000002 0.0
1459.0 0.0
1468.0000000000002 0.0
1477.0 0.0
1486.0 0.0
1495.0 0.0
1504.0 0.0
1513.0 0.0
1522.0 0.0
1531.0000000000002 0.0
1540.0 0.0
1549.0 0.0
1558.0 0.0
1567.0 0.0
1576.0000000000002 0.0
1585.0 0.0
1594.0000000000002 0.0
1603.0 0.0
1612.0 0.0
1621.0 0.0
1630.0 0.0
1639.0 0.0
1648.0 0.0
1657.0000000000002 0.0
1666.0 0.0
1675.0 0.0
1684.0 0.0
1693.0 0.0
1702.0000000000002 0.0
1711.0 0.0
1719.9999999999998 0.0
1729.0 0.0
1738.0 0.0
1747.0000000000002 0.0
1756.0 0.0
1765.0 0.0
1774.0 0.0
1783.0000000000002 0.0
1792.0 0.0
1801.0 0.0
1810.0 0.0
1819.0 0.0
1828.0000000000002 0.0
1837.0 0.0
1845.9999999999998 0.0
1855.0 0.0
1864.0 0.0
1873.0000000000002 0.0
1882.0 0.0
1891.0 0.0
1900.0 0.0
1909.0000000000002 0.0
1918.0 0.0
1926.9999999999998 0.0
1936.0 0.0
1945.0 0.0
1954.0000000000002 0.0
1963.0 0.0
1971.9999999999998 0.0
1981.0 0.0
1990.0 0.0
1999.0000000000002 0.0
2008.0 0.0
2017.0 0.0
2026.0 0.0
2035.0000000000002 0.0
2044.0 0.0
2053.0 0.0
2062.0 0.0
2071.0 0.0
2080.0 0.0
2089.0 0.0
2098.0 0.0
2107.0 0.0
2116.0 0.0
2125.0 0.0
2134.0 0.0
2143.0 0.0
2152.0 0.0
2161.0 0.0
2170.0 0.0
2179.0 0.0
2188.0 0.0
2197.0 0.0
2206.0 0.0
2215.0 0.0
2224.0 0.0
2233.0 0.0
2242.0 0.0
2251.0 0.0
2260.0 0.0
2269.0 0.0
2278.0 0.0
2287.0 0.0
2296.0 0.0
2305.0 0.0
2314.0 0.0
2323.0 0.0
2332.0 0.0
2341.0 0.0
2350.0 0.0
2359.0 0.0
2368.0 0.0
2377.0 0.0
2386.0 0.0
2395.0 0.0
2404.0 0.0
2413.0 0.0
2422.0 0.0
2431.0 0.0
2440.0 0.0
2449.0 0.0
2458.0 0.0
2467.0 0.0
2476.0 0.0
2485.0 0.0
2494.0 0.0
2502.9999999999995 0.0
2512.0 0.0
2521.0 0.0
2530.0 0.0
2539.0 0.0
2548.0000000000005 0.0
2557.0000000000005 0.0
2566.0 0.0
2575.0 0.0
2583.9999999999995 0.0
2592.9999999999995 0.0
2602.0 0.0
2611.0 0.0
2620.0 0.0
2629.0 0.0
2638.0000000000005 0.0
2647.0 0.0
2656.0 0.0
2665.0 0.0
2673.9999999999995 0.0
2683.0 0.0
2692.0 0.0
2701.0 0.0
2710.0 0.0
2719.0000000000005 0.0
2728.0000000000005 0.0
2737.0 0.0
2746.0 0.0
2754.9999999999995 0.0
2764.0 0.0
2773.0 0.0
2782.0 0.0
2791.0 0.0
2800.0000000000005 0.0
2809.0000000000005 0.0
2818.0 0.0
2827.0 0.0
2835.9999999999995 0.0
2844.9999999999995 0.0
2854.0 0.0
2863.0 0.0
2872.0 0.0
2881.0 0.0
2890.0000000000005 0.0
2899.0 0.0
2908.0 0.0
2916.9999999999995 0.0
2925.9999999999995 0.0
2935.0 0.0
2944.0 0.0
2953.0 0.0
2962.0 0.0
2971.0000000000005 0.0
2980.0 0.0
2989.0 0.0
2998.0 0.0
3006.9999999999995 0.0
3016.0 0.0
3025.0 0.0
3034.0 0.0
3043.0 0.0
3052.0000000000005 0.0
3061.0000000000005 0.0
3070.0 0.0
3079.0 0.0
3087.9999999999995 0.0
3096.9999999999995 0.0
3106.0 0.0
3115.0 0.0
3124.0 0.0
3133.0000000000005 0.0
3142.0000000000005 0.0
3151.0 0.0
3160.0 0.0
3168.9999999999995 0.0
3177.9999999999995 0.0
3187.0 0.0
3196.0 0.0
3205.0 0.0
3214.0 0.0
3223.0000000000005 0.0
3232.0 0.0
3241.0 0.0
3250.0 0.0
3258.9999999999995 0.0
3268.0 0.0
3277.0 0.0
3286.0 0.0
3295.0 0.0
3304.0000000000005 0.0
3313.0000000000005 0.0
3322.0 0.0
3331.0 0.0
3339.9999999999995 0.0
3348.9999999999995 0.0
3358.0 0.0
3367.0 0.0
3376.0 0.0
3385.0000000000005 0.0
3394.0000000000005 0.0
3403.0 0.0
3412.0 0.0
3420.9999999999995 0.0
3429.9999999999995 0.0
3439.0 0.0
3448.0 0.0
3457.0 0.0
3466.0 0.0
3475.0000000000005 0.0
3484.0 0.0
3493.0 0.0
3501.9999999999995 0.0
3510.9999999999995 0.0
3520.0 0.0
3529.0 0.0
3538.0 0.0
3547.0 0.0
3556.0000000000005 0.0
3565.0000000000005 0.0
3574.0000000000005 0.0
3582.9999999999995 0.0
3591.9999999999995 0.0
3600.9999999999995 0.0
3610.0 0.0
3619.0 0.0
3628.0 0.0
3637.0000000000005 0.0
3646.0000000000005 0.0
3655.0000000000005 0.0
3663.9999999999995 0.0
3672.9999999999995 0.0
3681.9999999999995 0.0
3691.0 0.0
3700.0 0.0
3709.0 0.0
3718.0 0.0
3727.0000000000005 0.0
3736.0000000000005 0.0
3744.9999999999995 0.0
3753.9999999999995 0.0
3762.9999999999995 0.0
3772.0 0.0
3781.0 0.0
3790.0 0.0
3799.0 0.0
3808.0000000000005 0.0
3817.0000000000005 0.0
3826.0000000000005 0.0
3834.9999999999995 0.0
3843.9999999999995 0.0
3852.9999999999995 0.0
3862.0 0.0
3871.0 0.0
3880.0 0.0
3889.0000000000005 0.0
3898.0000000000005 0.0
3907.0000000000005 0.0
3915.9999999999995 0.0
3924.9999999999995 0.0
3933.9999999999995 0.0
3943.0 0.0
3952.0 0.0
3961.0 0.0
3970.0 0.0
3979.0000000000005 0.0
3988.0000000000005 0.0
3996.9999999999995 0.0
4005.9999999999995 0.0
4014.9999999999995 0.0
4024.0 0.0
4033.0 0.0
4042.0 0.0
4051.0 0.0
4060.0000000000005 0.0
4069.0000000000005 0.0
4078.0000000000005 0.0
4086.9999999999995 0.0
4095.9999999999995 0.0
4105.0 0.0
4114.0 0.0
4123.0 0.0
4132.0 0.0
4141.0 0.0
4150.0 0.0
4159.000000000001 0.0
4167.999999999999 0.0
4177.0 0.0
4186.0 0.0
4195.0 0.0
4204.0 0.0
4213.0 0.0
4222.0 0.0
4231.0 0.0
4240.0 0.0
4248.999999999999 0.0
4258.0 0.0
4267.0 0.0
4276.0 0.0
4285.0 0.0
4294.0 0.0
4303.0 0.0
4312.0 0.0
4321.0 0.0
4330.000000000001 0.0
4338.999999999999 0.0
4348.0 0.0
4357.0 0.0
4366.0 0.0
4375.0 0.0
4384.0 0.0
4393.0 0.0
4402.0 0.0
4411.000000000001 0.0
4419.999999999999 0.0
4429.0 0.0
4438.0 0.0
4447.0 0.0
4456.0 0.0
4465.0 0.0
4474.0 0.0
4483.0 0.0
4492.0 0.0
4500.999999999999 0.0
4510.0 0.0
4519.0 0.0
4528.0 0.0
4537.0 0.0
4546.0 0.0
4555.0 0.0
4564.0 0.0
4573.0 0.0
4581.999999999999 0.0
4590.999999999999 0.0
4600.0 0.0
4609.0 0.0
4618.0 0.0
4627.0 0.0
4636.0 0.0
4645.0 0.0
4654.0 0.0
4663.000000000001 0.0
4671.999999999999 0.0
4681.0 0.0
4690.0 0.0
4699.0 0.0
4708.0 0.0
4717.0 0.0
4726.0 0.0
4735.0 0.0
4744.0 0.0
4752.999999999999 0.0
4762.0 0.0
4771.0 0.0
4780.0 0.0
4789.0 0.0
4798.0 0.0
4807.0 0.0
4816.0 0.0
4825.0 0.0
4833.999999999999 0.0
4842.999999999999 0.0
4852.0 0.0
4861.0 0.0
4870.0 0.0
4879.0 0.0
4888.0 0.0
4897.0 0.0
4906.0 0.0
4915.000000000001 0.0
4923.999999999999 0.0
4933.0 0.0
4942.0 0.0
4951.0 0.0
4960.0 0.0
4969.0 0.0
4978.0 0.0
4987.0 0.0
4996.0 0.0
5004.999999999999 0.0
5014.0 0.0
5023.0 0.0
5032.0 0.0
5041.0 0.0
5050.0 0.0
5059.0 0.0
5068.0 0.0
5077.0 0.0
5085.999999999999 0.0
5094.999999999999 0.0
5104.0 0.0
5113.0 0.0
5122.0 0.0
5131.0 0.0
5140.0 0.0
5149.0 0.0
5158.0 0.0
5167.000000000001 0.0
5175.999999999999 0.0
5185.0 0.0
5194.0 0.0
5203.0 0.0
5212.0 0.0
5221.0 0.0
5230.0 0.0
5239.0 0.0
5248.0 0.0
5256.999999999999 0.0
5266.0 0.0
5275.0 0.0
5284.0 0.0
5293.0 0.0
5302.0 0.0
5311.0 0.0
5320.0 0.0
5329.0 0.0
5337.999999999999 0.0
5346.999999999999 0.0
5356.0 0.0
5365.0 0.0
5374.0 0.0
5383.0 0.0
5392.0 0.0
5401.0 0.0
5410.0 0.0
5419.000000000001 0.0
5427.999999999999 0.0
5437.0 0.0
5446.0 0.0
5455.0 0.0
5464.0 0.0
5473.0 0.0
5482.0 0.0
5491.0 0.0
5500.0 0.0
5508.999999999999 0.0
5518.0 0.0
5527.0 0.0
5536.0 0.0
5545.0 0.0
5554.0 0.0
5563.0 0.0
5572.0 0.0
5581.0 0.0
5589.999999999999 0.0
5598.999999999999 0.0
5608.0 0.0
5617.0 0.0
5626.0 0.0
5635.0 0.0
5644.0 0.0
5653.0 0.0
5662.0 0.0
5670.999999999999 0.0
5679.999999999999 0.0
5689.0 0.0
5698.0 0.0
5707.0 0.0
5716.0 0.0
5725.0 0.0
5734.0 0.0
5743.0 0.0
5752.0 0.0
5760.999999999999 0.0
5770.0 0.0
5779.0 0.0
5788.0 0.0
5797.0 0.0
5806.0 0.0
5815.0 0.0
5824.0 0.0
5833.0 0.0
5841.999999999999 0.0
5850.999999999999 0.0
5860.0 0.0
5869.0 0.0
5878.0 0.0
5887.0 0.0
5896.0 0.0
5905.0 0.0
5914.0 0.0
5922.999999999999 0.0
5931.999999999999 0.0
5941.0 0.0
5950.0 0.0
5959.0 0.0
5968.0 0.0
5977.0 0.0
5986.0 0.0
5995.0 0.0
6003.999999999999 0.0
6012.999999999999 0.0
6022.0 0.0
6031.0 0.0
6040.0 0.0
6049.0 0.0
6058.0 0.0
6067.0 0.0
6075.999999999999 0.0
6084.999999999999 0.0
6093.999999999999 0.0
6102.999999999999 0.0
6112.0 0.0
6121.0 0.0
6130.0 0.0
6139.0 0.0
6148.0 0.0
6156.999999999999 0.0
6165.999999999999 0.0
6174.999999999999 0.0
6183.999999999999 0.0
6193.0 0.0
6202.0 0.0
6211.0 0.0
6220.0 0.0
6229.0 0.0
6237.999999999999 0.0
6246.999999999999 0.0
6255.999999999999 0.0
6264.999999999999 0.0
6274.0 0.0
6283.0 0.0
6292.0 0.0
6301.0 0.0
6310.0 0.0
6319.0 0.0
6327.999999999999 0.0
6336.999999999999 0.0
6345.999999999999 0.0
6354.999999999999 0.0
6364.0 0.0
6373.0 0.0
6382.0 0.0
6391.0 0.0
6400.0 0.0
6408.999999999999 0.0
6417.999999999999 0.0
6426.999999999999 0.0
6435.999999999999 0.0
6445.0 0.0
6454.0 0.0
6463.0 0.0
6472.0 0.0
6481.0 0.0
6489.999999999999 0.0
6498.999999999999 0.0
6507.999999999999 0.0
6516.999999999999 0.0
6526.0 0.0
6535.0 0.0
6544.0 0.0
6553.0 0.0
6562.0 0.0
6571.0 0.0
6579.999999999999 0.0
6588.999999999999 0.0
6597.999999999999 0.0
6606.999999999999 0.0
6616.0 0.0
6625.0 0.0
6634.0 0.0
6643.0 0.0
6652.0 0.0
6660.999999999999 0.0
6669.999999999999 0.0
6678.999999999999 0.0
6687.999999999999 0.0
6697.0 0.0
6706.0 0.0
6715.0 0.0
6724.0 0.0
6733.0 0.0
6741.999999999999 0.0
6750.999999999999 0.0
6759.999999999999 0.0
6768.999999999999 0.0
6778.0 0.0
6787.0 0.0
6796.0 0.0
6805.0 0.0
6814.0 0.0
6822.999999999999 0.0
6831.999999999999 0.0
6840.999999999999 0.0
6849.999999999999 0.0
6858.999999999999 0.0
6868.0 0.0
6877.0 0.0
6886.0 0.0
6895.0 0.0
6904.0 0.0
6912.999999999999 0.0
6921.999999999999 0.0
6930.999999999999 0.0
6939.999999999999 0.0
6949.0 0.0
6958.0 0.0
6967.0 0.0
6976.0 0.0
6985.0 0.0
6993.999999999999 0.0
7002.999999999999 0.0
7011.999999999999 0.0
7020.999999999999 0.0
7030.0 0.0
7039.0 0.0
7048.0 0.0
7057.0 0.0
7066.0 0.0
7074.999999999999 0.0
7083.999999999999 0.0
7092.999999999999 0.0
7101.999999999999 0.0
7110.999999999999 0.0
7120.0 0.0
7129.0 0.0
7138.0 0.0
7147.0 0.0
7156.0 0.0
7164.999999999999 0.0
7173.999999999999 0.0
7182.999999999999 0.0
7191.999999999999 0.0
7201.0 0.0
7210.0 0.0
7219.0 0.0
7228.0 0.0
7237.0 0.0
7245.999999999999 0.0
7254.999999999999 0.0
7263.999999999999 0.0
7272.999999999999 0.0
7282.0 0.0
7291.0 0.0
7300.0 0.0
7309.0 0.0
7318.0 0.0
7326.999999999999 0.0
7335.999999999999 0.0
7344.999999999999 0.0
7353.999999999999 0.0
7363.0 0.0
7372.0 0.0
7381.0 0.0
7390.0 0.0
7399.0 0.0
7408.0 0.0
7416.999999999999 0.0
7425.999999999999 0.0
7434.999999999999 0.0
7443.999999999999 0.0
7453.0 0.0
7462.0 0.0
7471.0 0.0
7480.0 0.0
7489.0 0.0
7497.999999999999 0.0
7506.999999999999 0.0
7515.999999999999 0.0
7524.999999999999 0.0
7534.0 0.0
7543.0 0.0
7552.0 0.0
7561.0 0.0
7570.0 0.0
7578.999999999999 0.0
7587.999999999999 0.0
7596.999999999999 0.0
7605.999999999999 0.0
7615.0 0.0
7624.0 0.0
7633.0 0.0
7642.0 0.0
7651.0 0.0
7660.0 0.0
7668.999999999999 0.0
7677.999999999999 0.0
7686.999999999999 0.0
7695.999999999999 0.0
7705.0 0.0
7714.0 0.0
7723.0 0.0
7732.0 0.0
7741.0 0.0
7749.999999999999 0.0
7758.999999999999 0.0
7767.999999999999 0.0
7776.999999999999 0.0
7786.0 0.0
7795.0 0.0
7804.0 0.0
7813.0 0.0
7822.0 0.0
7830.999999999999 0.0
7839.999999999999 3.019813272489054e-306
7848.999999999999 4.79352789068389e-298
7857.999999999999 5.873010230256304e-290
7867.0 5.547180867170469e-282
7876.0 4.046181762303549e-274
7885.0 2.278929953896585e-266
7894.0 9.87705262220656e-259
7903.0 3.316880640644031e-251
7912.0 8.601938694742396e-244
7920.999999999999 1.7206791943230095e-236
7929.999999999999 2.6565421939198083e-229
7938.999999999999 3.1772736803855814e-222
7947.999999999999 2.9211470090427067e-215
7957.0 2.068449170888424e-208
7966.0 1.1291639696179863e-201
7975.0 4.7984351743261626e-195
7984.0 1.5675246332299684e-188
7993.0 3.952126324623975e-182
8001.999999999999 7.671804974506238e-176
8010.999999999999 1.1513769138045423e-169
8019.999999999999 1.3369824359987305e-163
8028.999999999999 1.1958405959271693e-157
8038.0 8.270378289471808e-152
8047.0 4.413666595454645e-146
8056.0 1.822469163363693e-140
8065.0 5.792699076626769e-135
8074.0 1.4220796486359388e-129
8082.999999999999 2.693357155526862e-124
8091.999999999999 3.9371260680100264e-119
8100.999999999999 4.442341411654297e-114
8109.999999999999 3.866520294956296e-109
8119.0 2.5974861383020787e-104
8128.0 1.3437613179321928e-99
8137.0 5.303331000092814e-95
8146.0 1.63441629424138e-90
8155.0 3.8617583971136575e-86
8163.999999999999 6.983338536809289e-82
8172.999999999999 1.0137499638500627e-77
8181.999999999999 1.1126584725434486e-73
8190.999999999999 9.583116737640704e-70
8200.0 6.327935953980105e-66
8209.0 3.3152001553126256e-62
8218.0 1.2920457084737554e-58
8227.0 3.685514212146825e-55
8236.0 8.682937295748104e-52
8245.0 1.6485151587569286e-48
8254.0 2.3176929434117166e-45
8263.0 2.484495360051033e-42
8272.0 2.0761887258786674e-39
8281.0 1.3105083614781585e-36
8290.0 6.565313755049694e-34
8299.0 2.553967241070288e-31
8308.0 7.620937461260832e-29
8317.0 1.757780569404131e-26
8326.0 3.129761820605215e-24
8334.999999999998 4.349522504581191e-22
8344.0 4.658225136772156e-20
8353.0 3.8606736098274705e-18
8362.0 2.464954937046125e-16
8371.0 1.2241717841998117e-14
8380.0 4.700460495992125e-13
8389.0 1.4014173780865114e-11
8398.0 3.2406189431227933e-10
8407.0 5.811258038189111e-09
8415.999999999998 8.112099489344651e-08
8425.0 8.833761193482293e-07
8434.0 7.487277926277603e-06
8443.0 4.9676465131939146e-05
8452.0 0.0002588642013649899
8461.0 0.0010616909937102117
8470.0 0.003453470192454629
8479.0 0.008969797822269221
8488.0 0.018841938467358658
8497.0 0.032535206405925415
8506.0 0.047222181298283386
8515.0 0.059328538553667924
8524.0 0.06704759382509778
8533.0 0.0706690117954129
8542.0 0.07170709406429597
8551.0 0.07168880184684016
8560.0 0.07126685480366748
8569.0 0.07076445756461547
8578.0 0.07022941734548724
8586.999999999998 0.0697216777712087
8596.0 0.06919721366584326
8605.0 0.0686927570242411
8614.0 0.0681785868537094
8623.0 0.06766933298684355
8632.0 0.0671667678482077
8641.0 0.06667726955143014
8650.0 0.06618377062930705
8659.0 0.06569222105945394
8667.999999999998 0.06520787351230518
8677.0 0.06472714364531948
8686.0 0.06424242221620448
8695.0 0.06372036564962864
8704.0 0.0630214043348171
8713.0 0.06170866037486216
8722.0 0.05886202764104085
8731.0 0.05319093879952988
8740.0 0.04391338406776061
8749.0 0.03189693245814686
8758.0 0.019720384016165642
8767.0 0.01011323130947676
8776.0 0.004221054426594921
8785.0 0.0014144833832403579
8794.0 0.00037704667676576335
8803.0 7.936707214016419e-05
8812.0 1.3132670397967028e-05
8821.0 1.7015831493279361e-06
8830.0 1.722641205102626e-07
8838.999999999998 1.3588640791965929e-08
8848.0 8.343415355627103e-10
8857.0 3.9766222264039437e-11
8866.0 1.4732521920494956e-12
8875.0 4.2351609272047094e-14
8884.0 9.428192763786263e-16
8893.0 1.6293117827214045e-17
8902.0 2.176456047927848e-19
8911.0 2.2532205006701036e-21
8919.999999999998 1.8021143428564194e-23
8929.0 1.1121959518937019e-25
8938.0 5.313355088109165e-28
8947.0 1.956002909250445e-30
8956.0 5.502887749878567e-33
8965.0 1.1954322926136392e-35
8974.0 2.0385000463812753e-38
8983.0 2.693280877565754e-41
8992.0 2.6058064586718814e-44
9001.0 2.1502234855292456e-47
9010.0 1.312095750935723e-50
9019.0 6.179929830340465e-54
9028.0 2.2791849684865649e-57
9037.0 6.691312305060685e-61
9046.0 1.4586647634020044e-64
9055.0 2.4419763616655517e-68
9064.0 3.117331555476524e-72
9073.0 3.016692498039052e-76
9082.0 2.335872647742122e-80
9090.999999999998 1.4018735199601305e-84
9100.0 6.491585098008798e-89
9109.0 2.3190276613117213e-93
9118.0 6.447920435466167e-98
9127.0 1.3629311463363127e-102
9136.0 2.147165880865877e-107
9145.0 2.851403123689487e-112
9154.0 2.6910550061375483e-117
9163.0 2.0761935543538594e-122
9171.999999999998 1.2104399208232922e-127
9181.0 5.38158159585591e-133
9190.0 1.9267186330081316e-138
9199.0 5.189183160145236e-144
9208.0 1.0880601971035406e-149
9217.0 1.7153139170833857e-155
9226.0 2.134446026108813e-161
9235.0 2.023502166238663e-167
9244.0 1.474823766470274e-173
9252.999999999998 8.392576056250908e-180
9262.0 3.685457892892646e-186
9271.0 1.2459864369291896e-192
9280.0 3.1212501444368294e-199
9289.0 6.167372813629795e-206
9298.0 9.219640633272538e-213
9307.0 1.04824196216938e-219
9316.0 8.884331630424429e-227
9325.0 5.934990638806731e-234
9334.0 3.2494506212130207e-241
9342.999999999998 1.2091763050119795e-248
9352.0 4.4224774682743937e-256
9361.0 1.1002262316460228e-263
9370.0 2.2032998396158947e-271
9379.0 3.3392153112568608e-279
9388.0 4.2824986997990767e-287
9397.0 4.422871137611713e-295
9406.0 2.972729076737542e-303
9415.0 1.563204790517e-311
9423.999999999998 0.0
9433.0 0.0
9442.0 0.0
9451.0 0.0
9460.0 0.0
9469.0 0.0
9478.0 0.0
9487.0 0.0
9496.0 0.0
9504.999999999998 0.0
9514.0 0.0
9523.0 0.0
9532.0 0.0
9541.0 0.0
9550.0 0.0
9559.0 0.0
9568.0 0.0
9577.0 0.0
9586.0 0.0
9594.999999999998 0.0
9604.0 0.0
9613.0 0.0
9622.0 0.0
9631.0 0.0
9640.0 0.0
9649.0 0.0
9658.0 0.0
9667.0 0.0
9675.999999999998 0.0
9685.0 0.0
9694.0 0.0
9703.0 0.0
9712.0 0.0
9721.0 0.0
9730.0 0.0
9739.0 0.0
9748.0 0.0
9756.999999999998 0.0
9766.0 0.0
9775.0 0.0
9784.0 0.0
9793.0 0.0
9802.0 0.0
9811.0 0.0
9820.0 0.0
9829.0 0.0
9838.0 0.0
9846.999999999998 0.0
9856.0 0.0
9865.0 0.0
9874.0 0.0
9883.0 0.0
9892.0 0.0
9901.0 0.0
9910.0 0.0
9919.0 0.0
9927.999999999998 0.0
9937.0 0.0
9946.0 0.0
9955.0 0.0
9964.0 0.0
9973.0 0.0
9982.0 0.0
9991.0 0.0
10000.0 0.0
