wave throughput
1000.0 0.0000000000e+00
1009.0 0.0000000000e+00
1018.0 0.0000000000e+00
1027.0 0.0000000000e+00
1036.0 0.0000000000e+00
1045.0 0.0000000000e+00
1054.0 0.0000000000e+00
1063.0 0.0000000000e+00
1072.0 0.0000000000e+00
1081.0 0.0000000000e+00
1090.0 0.0000000000e+00
1099.0 0.0000000000e+00
1108.0 0.0000000000e+00
1117.0 0.0000000000e+00
1126.0 0.0000000000e+00
1135.0 0.0000000000e+00
1144.0 0.0000000000e+00
1153.0 0.0000000000e+00
1162.0 0.0000000000e+00
1171.0 0.0000000000e+00
1180.0 0.0000000000e+00
1189.0 0.0000000000e+00
1198.0 0.0000000000e+00
1207.0 0.0000000000e+00
1216.0 0.0000000000e+00
1225.0 0.0000000000e+00
1234.0 0.0000000000e+00
1243.0 0.0000000000e+00
1252.0 0.0000000000e+00
1261.0 0.0000000000e+00
1270.0 0.0000000000e+00
1279.0 0.0000000000e+00
1288.0 0.0000000000e+00
1297.0 0.0000000000e+00
1306.0 0.0000000000e+00
1315.0 0.0000000000e+00
1324.0 0.0000000000e+00
1333.0 0.0000000000e+00
1342.0 0.0000000000e+00
1351.0 0.0000000000e+00
1360.0 0.0000000000e+00
1369.0 0.0000000000e+00
1378.0 0.0000000000e+00
1387.0 0.0000000000e+00
1396.0 0.0000000000e+00
1405.0 0.0000000000e+00
1414.0 0.0000000000e+00
1423.0 0.0000000000e+00
1432.0 0.0000000000e+00
1441.0 0.0000000000e+00
1450.0 0.0000000000e+00
1459.0 0.0000000000e+00
1468.0 0.0000000000e+00
1477.0 0.0000000000e+00
1486.0 0.0000000000e+00
1495.0 0.0000000000e+00
1504.0 0.0000000000e+00
1513.0 0.0000000000e+00
1522.0 0.0000000000e+00
1531.0 0.0000000000e+00
1540.0 0.0000000000e+00
1549.0 0.0000000000e+00
1558.0 0.0000000000e+00
1567.0 0.0000000000e+00
1576.0 0.0000000000e+00
1585.0 0.0000000000e+00
1594.0 0.0000000000e+00
1603.0 0.0000000000e+00
1612.0 0.0000000000e+00
1621.0 0.0000000000e+00
1630.0 0.0000000000e+00
1639.0 0.0000000000e+00
1648.0 0.0000000000e+00
1657.0 0.0000000000e+00
1666.0 0.0000000000e+00
1675.0 0.0000000000e+00
1684.0 0.0000000000e+00
1693.0 0.0000000000e+00
1702.0 0.0000000000e+00
1711.0 0.0000000000e+00
1720.0 0.0000000000e+00
1729.0 0.0000000000e+00
1738.0 0.0000000000e+00
1747.0 0.0000000000e+00
1756.0 0.0000000000e+00
1765.0 0.0000000000e+00
1774.0 0.0000000000e+00
1783.0 0.0000000000e+00
1792.0 0.0000000000e+00
1801.0 0.0000000000e+00
1810.0 0.0000000000e+00
1819.0 0.0000000000e+00
1828.0 0.0000000000e+00
1837.0 0.0000000000e+00
1846.0 0.0000000000e+00
1855.0 0.0000000000e+00
1864.0 0.0000000000e+00
1873.0 0.0000000000e+00
1882.0 0.0000000000e+00
1891.0 0.0000000000e+00
1900.0 0.0000000000e+00
1909.0 0.0000000000e+00
1918.0 0.0000000000e+00
1927.0 0.0000000000e+00
1936.0 0.0000000000e+00
1945.0 0.0000000000e+00
1954.0 0.0000000000e+00
1963.0 0.0000000000e+00
1972.0 0.0000000000e+00
1981.0 0.0000000000e+00
1990.0 0.0000000000e+00
1999.0 0.0000000000e+00
2008.0 0.0000000000e+00
2017.0 0.0000000000e+00
2026.0 0.0000000000e+00
2035.0 0.0000000000e+00
2044.0 0.0000000000e+00
2053.0 0.0000000000e+00
2062.0 0.0000000000e+00
2071.0 0.0000000000e+00
2080.0 0.0000000000e+00
2089.0 0.0000000000e+00
2098.0 0.0000000000e+00
2107.0 0.0000000000e+00
2116.0 0.0000000000e+00
2125.0 0.0000000000e+00
2134.0 0.0000000000e+00
2143.0 0.0000000000e+00
2152.0 0.0000000000e+00
2161.0 0.0000000000e+00
2170.0 0.0000000000e+00
2179.0 0.0000000000e+00
2188.0 0.0000000000e+00
2197.0 0.0000000000e+00
2206.0 0.0000000000e+00
2215.0 0.0000000000e+00
2224.0 0.0000000000e+00
2233.0 0.0000000000e+00
2242.0 0.0000000000e+00
2251.0 0.0000000000e+00
2260.0 0.0000000000e+00
2269.0 0.0000000000e+00
2278.0 0.0000000000e+00
2287.0 0.0000000000e+00
2296.0 0.0000000000e+00
2305.0 0.0000000000e+00
2314.0 0.0000000000e+00
2323.0 0.0000000000e+00
2332.0 0.0000000000e+00
2341.0 0.0000000000e+00
2350.0 0.0000000000e+00
2359.0 0.0000000000e+00
2368.0 0.0000000000e+00
2377.0 0.0000000000e+00
2386.0 0.0000000000e+00
2395.0 0.0000000000e+00
2404.0 0.0000000000e+00
2413.0 0.0000000000e+00
2422.0 0.0000000000e+00
2431.0 0.0000000000e+00
2440.0 0.0000000000e+00
2449.0 0.0000000000e+00
2458.0 0.0000000000e+00
2467.0 0.0000000000e+00
2476.0 0.0000000000e+00
2485.0 0.0000000000e+00
2494.0 0.0000000000e+00
2503.0 0.0000000000e+00
2512.0 0.0000000000e+00
2521.0 0.0000000000e+00
2530.0 0.0000000000e+00
2539.0 0.0000000000e+00
2548.0 0.0000000000e+00
2557.0 0.0000000000e+00
2566.0 0.0000000000e+00
2575.0 0.0000000000e+00
2584.0 0.0000000000e+00
2593.0 0.0000000000e+00
2602.0 0.0000000000e+00
2611.0 0.0000000000e+00
2620.0 0.0000000000e+00
2629.0 0.0000000000e+00
2638.0 0.0000000000e+00
2647.0 0.0000000000e+00
2656.0 0.0000000000e+00
2665.0 0.0000000000e+00
2674.0 0.0000000000e+00
2683.0 0.0000000000e+00
2692.0 0.0000000000e+00
2701.0 0.0000000000e+00
2710.0 0.0000000000e+00
2719.0 0.0000000000e+00
2728.0 0.0000000000e+00
2737.0 0.0000000000e+00
2746.0 0.0000000000e+00
2755.0 0.0000000000e+00
2764.0 0.0000000000e+00
2773.0 0.0000000000e+00
2782.0 0.0000000000e+00
2791.0 0.0000000000e+00
2800.0 0.0000000000e+00
2809.0 0.0000000000e+00
2818.0 0.0000000000e+00
2827.0 0.0000000000e+00
2836.0 0.0000000000e+00
2845.0 0.0000000000e+00
2854.0 0.0000000000e+00
2863.0 0.0000000000e+00
2872.0 0.0000000000e+00
2881.0 0.0000000000e+00
2890.0 0.0000000000e+00
2899.0 0.0000000000e+00
2908.0 0.0000000000e+00
2917.0 0.0000000000e+00
2926.0 0.0000000000e+00
2935.0 0.0000000000e+00
2944.0 0.0000000000e+00
2953.0 0.0000000000e+00
2962.0 0.0000000000e+00
2971.0 0.0000000000e+00
2980.0 0.0000000000e+00
2989.0 0.0000000000e+00
2998.0 0.0000000000e+00
3007.0 0.0000000000e+00
3016.0 0.0000000000e+00
3025.0 0.0000000000e+00
3034.0 0.0000000000e+00
3043.0 0.0000000000e+00
3052.0 0.0000000000e+00
3061.0 0.0000000000e+00
3070.0 0.0000000000e+00
3079.0 0.0000000000e+00
3088.0 0.0000000000e+00
3097.0 0.0000000000e+00
3106.0 0.0000000000e+00
3115.0 0.0000000000e+00
3124.0 0.0000000000e+00
3133.0 0.0000000000e+00
3142.0 0.0000000000e+00
3151.0 0.0000000000e+00
3160.0 0.0000000000e+00
3169.0 0.0000000000e+00
3178.0 0.0000000000e+00
3187.0 0.0000000000e+00
3196.0 0.0000000000e+00
3205.0 0.0000000000e+00
3214.0 0.0000000000e+00
3223.0 0.0000000000e+00
3232.0 0.0000000000e+00
3241.0 0.0000000000e+00
3250.0 0.0000000000e+00
3259.0 0.0000000000e+00
3268.0 0.0000000000e+00
3277.0 0.0000000000e+00
3286.0 0.0000000000e+00
3295.0 0.0000000000e+00
3304.0 0.0000000000e+00
3313.0 0.0000000000e+00
3322.0 0.0000000000e+00
3331.0 0.0000000000e+00
3340.0 0.0000000000e+00
3349.0 0.0000000000e+00
3358.0 0.0000000000e+00
3367.0 0.0000000000e+00
3376.0 0.0000000000e+00
3385.0 0.0000000000e+00
3394.0 0.0000000000e+00
3403.0 0.0000000000e+00
3412.0 0.0000000000e+00
3421.0 0.0000000000e+00
3430.0 0.0000000000e+00
3439.0 0.0000000000e+00
3448.0 0.0000000000e+00
3457.0 0.0000000000e+00
3466.0 0.0000000000e+00
3475.0 0.0000000000e+00
3484.0 0.0000000000e+00
3493.0 0.0000000000e+00
3502.0 0.0000000000e+00
3511.0 0.0000000000e+00
3520.0 0.0000000000e+00
3529.0 0.0000000000e+00
3538.0 0.0000000000e+00
3547.0 0.0000000000e+00
3556.0 0.0000000000e+00
3565.0 0.0000000000e+00
3574.0 0.0000000000e+00
3583.0 0.0000000000e+00
3592.0 0.0000000000e+00
3601.0 0.0000000000e+00
3610.0 0.0000000000e+00
3619.0 0.0000000000e+00
3628.0 0.0000000000e+00
3637.0 0.0000000000e+00
3646.0 0.0000000000e+00
3655.0 0.0000000000e+00
3664.0 0.0000000000e+00
3673.0 0.0000000000e+00
3682.0 0.0000000000e+00
3691.0 0.0000000000e+00
3700.0 0.0000000000e+00
3709.0 0.0000000000e+00
3718.0 0.0000000000e+00
3727.0 0.0000000000e+00
3736.0 0.0000000000e+00
3745.0 0.0000000000e+00
3754.0 0.0000000000e+00
3763.0 0.0000000000e+00
3772.0 0.0000000000e+00
3781.0 0.0000000000e+00
3790.0 0.0000000000e+00
3799.0 0.0000000000e+00
3808.0 0.0000000000e+00
3817.0 0.0000000000e+00
3826.0 0.0000000000e+00
3835.0 0.0000000000e+00
3844.0 0.0000000000e+00
3853.0 0.0000000000e+00
3862.0 0.0000000000e+00
3871.0 0.0000000000e+00
3880.0 0.0000000000e+00
3889.0 0.0000000000e+00
3898.0 0.0000000000e+00
3907.0 0.0000000000e+00
3916.0 0.0000000000e+00
3925.0 0.0000000000e+00
3934.0 0.0000000000e+00
3943.0 0.0000000000e+00
3952.0 0.0000000000e+00
3961.0 0.0000000000e+00
3970.0 0.0000000000e+00
3979.0 0.0000000000e+00
3988.0 0.0000000000e+00
3997.0 0.0000000000e+00
4006.0 0.0000000000e+00
4015.0 0.0000000000e+00
4024.0 0.0000000000e+00
4033.0 0.0000000000e+00
4042.0 0.0000000000e+00
4051.0 0.0000000000e+00
4060.0 0.0000000000e+00
4069.0 0.0000000000e+00
4078.0 0.0000000000e+00
4087.0 0.0000000000e+00
4096.0 0.0000000000e+00
4105.0 0.0000000000e+00
4114.0 0.0000000000e+00
4123.0 0.0000000000e+00
4132.0 0.0000000000e+00
4141.0 0.0000000000e+00
4150.0 0.0000000000e+00
4159.0 0.0000000000e+00
4168.0 0.0000000000e+00
4177.0 0.0000000000e+00
4186.0 0.0000000000e+00
4195.0 0.0000000000e+00
4204.0 0.0000000000e+00
4213.0 0.0000000000e+00
4222.0 0.0000000000e+00
4231.0 0.0000000000e+00
4240.0 0.0000000000e+00
4249.0 0.0000000000e+00
4258.0 0.0000000000e+00
4267.0 0.0000000000e+00
4276.0 0.0000000000e+00
4285.0 0.0000000000e+00
4294.0 0.0000000000e+00
4303.0 0.0000000000e+00
4312.0 0.0000000000e+00
4321.0 0.0000000000e+00
4330.0 0.0000000000e+00
4339.0 0.0000000000e+00
4348.0 0.0000000000e+00
4357.0 0.0000000000e+00
4366.0 0.0000000000e+00
4375.0 0.0000000000e+00
4384.0 0.0000000000e+00
4393.0 0.0000000000e+00
4402.0 0.0000000000e+00
4411.0 0.0000000000e+00
4420.0 0.0000000000e+00
4429.0 0.0000000000e+00
4438.0 0.0000000000e+00
4447.0 0.0000000000e+00
4456.0 0.0000000000e+00
4465.0 0.0000000000e+00
4474.0 0.0000000000e+00
4483.0 0.0000000000e+00
4492.0 0.0000000000e+00
4501.0 0.0000000000e+00
4510.0 0.0000000000e+00
4519.0 0.0000000000e+00
4528.0 0.0000000000e+00
4537.0 0.0000000000e+00
4546.0 0.0000000000e+00
4555.0 0.0000000000e+00
4564.0 0.0000000000e+00
4573.0 0.0000000000e+00
4582.0 0.0000000000e+00
4591.0 9.8087844619e-305
4600.0 1.5339521694e-296
4609.0 1.8514566318e-288
4618.0 1.7247387572e-280
4627.0 1.2400909416e-272
4636.0 6.8819723186e-265
4645.0 2.9476316038e-257
4654.0 9.7437343736e-250
4663.0 2.4853745261e-242
4672.0 4.8922620726e-235
4681.0 7.4318053512e-228
4690.0 8.7125522529e-221
4699.0 7.8826923164e-214
4708.0 5.5046848126e-207
4717.0 2.9667040311e-200
4726.0 1.2340326306e-193
4735.0 3.9616150660e-187
4744.0 9.8137101409e-181
4753.0 1.8754338351e-174
4762.0 2.7654406421e-168
4771.0 3.1493938315e-162
4780.0 2.7710673311e-156
4789.0 1.8831779243e-150
4798.0 9.8794488192e-145
4807.0 4.0008946435e-139
4816.0 1.2505842260e-133
4825.0 3.0171882447e-128
4834.0 5.6192465841e-123
4843.0 8.0790009685e-118
4852.0 8.9662214354e-113
4861.0 7.6813686415e-108
4870.0 5.0794214665e-103
4879.0 2.5930112013e-98
4888.0 1.0217656728e-93
4897.0 3.1082985113e-89
4906.0 7.3011261440e-85
4915.0 1.3242847235e-80
4924.0 1.8547753969e-76
4933.0 2.0059664547e-72
4942.0 1.6752705850e-68
4951.0 1.0804308205e-64
4960.0 5.3806970893e-61
4969.0 2.0694013097e-57
4978.0 6.1467282917e-54
4987.0 1.4100504409e-50
4996.0 2.4985594696e-47
5005.0 3.4200264342e-44
5014.0 3.6169011033e-41
5023.0 2.9554386999e-38
5032.0 1.8659259203e-35
5041.0 9.1021649448e-33
5050.0 3.4393359780e-30
5059.0 1.0034047415e-27
5068.0 2.2652301634e-25
5077.0 3.9551586212e-23
5086.0 5.3440178752e-21
5095.0 5.5860041182e-19
5104.0 4.5195284718e-17
5113.0 2.8307089528e-15
5122.0 1.3732008573e-13
5131.0 5.1625355144e-12
5140.0 1.5051246255e-10
5149.0 3.4056955536e-09
5158.0 5.9869062304e-08
5167.0 8.1857400221e-07
5176.0 8.7180425457e-06
5185.0 7.2454758121e-05
5194.0 4.7109584627e-04
5203.0 2.4040636232e-03
5212.0 9.6706988302e-03
5221.0 3.0855439282e-02
5230.0 7.8755544554e-02
5239.0 1.6276135783e-01
5248.0 2.7700378971e-01
5257.0 3.9751521274e-01
5266.0 4.9596323113e-01
5275.0 5.5814496914e-01
5284.0 5.8827397737e-01
5293.0 5.9918116300e-01
5302.0 6.0172126155e-01
5311.0 6.0158841624e-01
5320.0 6.0085021282e-01
5329.0 6.0008636006e-01
5338.0 5.9940655589e-01
5347.0 5.9879171841e-01
5356.0 5.9823079306e-01
5365.0 5.9760243545e-01
5374.0 5.9691468647e-01
5383.0 5.9610538561e-01
5392.0 5.9519369115e-01
5401.0 5.9419022869e-01
5410.0 5.9296107288e-01
5419.0 5.9188807845e-01
5428.0 5.9087889704e-01
5437.0 5.8950083159e-01
5446.0 5.8793650583e-01
5455.0 5.8425738225e-01
5464.0 5.7403574085e-01
5473.0 5.4821346007e-01
5482.0 4.9406876392e-01
5491.0 4.0507414460e-01
5500.0 2.9098650143e-01
5509.0 1.7733896398e-01
5518.0 8.9423407290e-02
5527.0 3.6632811494e-02
5536.0 1.2033764768e-02
5545.0 3.1408828117e-03
5554.0 6.4708149420e-04
5563.0 1.0472525892e-04
5572.0 1.3267825650e-05
5581.0 1.3124733795e-06
5590.0 1.0115886575e-07
5599.0 6.0662017828e-09
5608.0 2.8267043363e-10
5617.0 1.0225132982e-11
5626.0 2.8692764715e-13
5635.0 6.2416397597e-15
5644.0 1.0519680669e-16
5653.0 1.3731015073e-18
5662.0 1.3874516529e-20
5671.0 1.0847946414e-22
5680.0 6.5606681010e-25
5689.0 3.0667561030e-27
5698.0 1.1096948573e-29
5707.0 3.1058827914e-32
5716.0 6.7151505970e-35
5725.0 1.1221706553e-37
5734.0 1.4501492726e-40
5743.0 1.4480664702e-43
5752.0 1.1178795858e-46
5761.0 6.6681147318e-50
5770.0 3.0736987219e-53
5779.0 1.0949060139e-56
5788.0 3.0144640867e-60
5797.0 6.4143083308e-64
5806.0 1.0545630225e-67
5815.0 1.3387475122e-71
5824.0 1.3120665468e-75
5833.0 9.9264335567e-80
5842.0 5.7980839474e-84
5851.0 2.6143470267e-88
5860.0 9.1002062939e-93
5869.0 2.4449004408e-97
5878.0 5.0664361615e-102
5887.0 8.0821378968e-107
5896.0 9.9897300225e-112
5905.0 9.5424415514e-117
5914.0 7.0358396726e-122
5923.0 3.9914430668e-127
5932.0 1.7593535185e-132
5941.0 5.9495036283e-138
5950.0 1.5547588441e-143
5959.0 3.1477334398e-149
5968.0 4.9072692023e-155
5977.0 5.9088252189e-161
5986.0 5.4958963185e-167
5995.0 3.9412311352e-173
6004.0 2.1832611299e-179
6013.0 9.3342745181e-186
6022.0 3.0801110574e-192
6031.0 7.8462812509e-199
6040.0 1.5429689508e-205
6049.0 2.3420319057e-212
6058.0 2.7442300160e-219
6067.0 2.4821470447e-226
6076.0 1.7330612275e-233
6085.0 9.3391125320e-241
6094.0 3.8845641156e-248
6103.0 1.2471535106e-255
6112.0 3.0903204602e-263
6121.0 5.9098569351e-271
6130.0 8.7226912371e-279
6139.0 9.9355348882e-287
6148.0 8.7344563975e-295
6157.0 5.9261518756e-303
6166.0 3.1030221077e-311
6175.0 0.0000000000e+00
6184.0 0.0000000000e+00
6193.0 0.0000000000e+00
6202.0 0.0000000000e+00
6211.0 0.0000000000e+00
6220.0 0.0000000000e+00
6229.0 0.0000000000e+00
6238.0 0.0000000000e+00
6247.0 0.0000000000e+00
6256.0 0.0000000000e+00
6265.0 0.0000000000e+00
6274.0 0.0000000000e+00
6283.0 0.0000000000e+00
6292.0 0.0000000000e+00
6301.0 0.0000000000e+00
6310.0 0.0000000000e+00
6319.0 0.0000000000e+00
6328.0 0.0000000000e+00
6337.0 0.0000000000e+00
6346.0 0.0000000000e+00
6355.0 0.0000000000e+00
6364.0 0.0000000000e+00
6373.0 0.0000000000e+00
6382.0 0.0000000000e+00
6391.0 0.0000000000e+00
6400.0 0.0000000000e+00
6409.0 0.0000000000e+00
6418.0 0.0000000000e+00
6427.0 0.0000000000e+00
6436.0 0.0000000000e+00
6445.0 0.0000000000e+00
6454.0 0.0000000000e+00
6463.0 0.0000000000e+00
6472.0 0.0000000000e+00
6481.0 0.0000000000e+00
6490.0 0.0000000000e+00
6499.0 0.0000000000e+00
6508.0 0.0000000000e+00
6517.0 0.0000000000e+00
6526.0 0.0000000000e+00
6535.0 0.0000000000e+00
6544.0 0.0000000000e+00
6553.0 0.0000000000e+00
6562.0 0.0000000000e+00
6571.0 0.0000000000e+00
6580.0 0.0000000000e+00
6589.0 0.0000000000e+00
6598.0 0.0000000000e+00
6607.0 0.0000000000e+00
6616.0 0.0000000000e+00
6625.0 0.0000000000e+00
6634.0 0.0000000000e+00
6643.0 0.0000000000e+00
6652.0 0.0000000000e+00
6661.0 0.0000000000e+00
6670.0 0.0000000000e+00
6679.0 0.0000000000e+00
6688.0 0.0000000000e+00
6697.0 0.0000000000e+00
6706.0 0.0000000000e+00
6715.0 0.0000000000e+00
6724.0 0.0000000000e+00
6733.0 0.0000000000e+00
6742.0 0.0000000000e+00
6751.0 0.0000000000e+00
6760.0 0.0000000000e+00
6769.0 0.0000000000e+00
6778.0 0.0000000000e+00
6787.0 0.0000000000e+00
6796.0 0.0000000000e+00
6805.0 0.0000000000e+00
6814.0 0.0000000000e+00
6823.0 0.0000000000e+00
6832.0 0.0000000000e+00
6841.0 0.0000000000e+00
6850.0 0.0000000000e+00
6859.0 0.0000000000e+00
6868.0 0.0000000000e+00
6877.0 0.0000000000e+00
6886.0 0.0000000000e+00
6895.0 0.0000000000e+00
6904.0 0.0000000000e+00
6913.0 0.0000000000e+00
6922.0 0.0000000000e+00
6931.0 0.0000000000e+00
6940.0 0.0000000000e+00
6949.0 0.0000000000e+00
6958.0 0.0000000000e+00
6967.0 0.0000000000e+00
6976.0 0.0000000000e+00
6985.0 0.0000000000e+00
6994.0 0.0000000000e+00
7003.0 0.0000000000e+00
7012.0 0.0000000000e+00
7021.0 0.0000000000e+00
7030.0 0.0000000000e+00
7039.0 0.0000000000e+00
7048.0 0.0000000000e+00
7057.0 0.0000000000e+00
7066.0 0.0000000000e+00
7075.0 0.0000000000e+00
7084.0 0.0000000000e+00
7093.0 0.0000000000e+00
7102.0 0.0000000000e+00
7111.0 0.0000000000e+00
7120.0 0.0000000000e+00
7129.0 0.0000000000e+00
7138.0 0.0000000000e+00
7147.0 0.0000000000e+00
7156.0 0.0000000000e+00
7165.0 0.0000000000e+00
7174.0 0.0000000000e+00
7183.0 0.0000000000e+00
7192.0 0.0000000000e+00
7201.0 0.0000000000e+00
7210.0 0.0000000000e+00
7219.0 0.0000000000e+00
7228.0 0.0000000000e+00
7237.0 0.0000000000e+00
7246.0 0.0000000000e+00
7255.0 0.0000000000e+00
7264.0 0.0000000000e+00
7273.0 0.0000000000e+00
7282.0 0.0000000000e+00
7291.0 0.0000000000e+00
7300.0 0.0000000000e+00
7309.0 0.0000000000e+00
7318.0 0.0000000000e+00
7327.0 0.0000000000e+00
7336.0 0.0000000000e+00
7345.0 0.0000000000e+00
7354.0 0.0000000000e+00
7363.0 0.0000000000e+00
7372.0 0.0000000000e+00
7381.0 0.0000000000e+00
7390.0 0.0000000000e+00
7399.0 0.0000000000e+00
7408.0 0.0000000000e+00
7417.0 0.0000000000e+00
7426.0 0.0000000000e+00
7435.0 0.0000000000e+00
7444.0 0.0000000000e+00
7453.0 0.0000000000e+00
7462.0 0.0000000000e+00
7471.0 0.0000000000e+00
7480.0 0.0000000000e+00
7489.0 0.0000000000e+00
7498.0 0.0000000000e+00
7507.0 0.0000000000e+00
7516.0 0.0000000000e+00
7525.0 0.0000000000e+00
7534.0 0.0000000000e+00
7543.0 0.0000000000e+00
7552.0 0.0000000000e+00
7561.0 0.0000000000e+00
7570.0 0.0000000000e+00
7579.0 0.0000000000e+00
7588.0 0.0000000000e+00
7597.0 0.0000000000e+00
7606.0 0.0000000000e+00
7615.0 0.0000000000e+00
7624.0 0.0000000000e+00
7633.0 0.0000000000e+00
7642.0 0.0000000000e+00
7651.0 0.0000000000e+00
7660.0 0.0000000000e+00
7669.0 0.0000000000e+00
7678.0 0.0000000000e+00
7687.0 0.0000000000e+00
7696.0 0.0000000000e+00
7705.0 0.0000000000e+00
7714.0 0.0000000000e+00
7723.0 0.0000000000e+00
7732.0 0.0000000000e+00
7741.0 0.0000000000e+00
7750.0 0.0000000000e+00
7759.0 0.0000000000e+00
7768.0 0.0000000000e+00
7777.0 0.0000000000e+00
7786.0 0.0000000000e+00
7795.0 0.0000000000e+00
7804.0 0.0000000000e+00
7813.0 0.0000000000e+00
7822.0 0.0000000000e+00
7831.0 0.0000000000e+00
7840.0 0.0000000000e+00
7849.0 0.0000000000e+00
7858.0 0.0000000000e+00
7867.0 0.0000000000e+00
7876.0 0.0000000000e+00
7885.0 0.0000000000e+00
7894.0 0.0000000000e+00
7903.0 0.0000000000e+00
7912.0 0.0000000000e+00
7921.0 0.0000000000e+00
7930.0 0.0000000000e+00
7939.0 0.0000000000e+00
7948.0 0.0000000000e+00
7957.0 0.0000000000e+00
7966.0 0.0000000000e+00
7975.0 0.0000000000e+00
7984.0 0.0000000000e+00
7993.0 0.0000000000e+00
8002.0 0.0000000000e+00
8011.0 0.0000000000e+00
8020.0 0.0000000000e+00
8029.0 0.0000000000e+00
8038.0 0.0000000000e+00
8047.0 0.0000000000e+00
8056.0 0.0000000000e+00
8065.0 0.0000000000e+00
8074.0 0.0000000000e+00
8083.0 0.0000000000e+00
8092.0 0.0000000000e+00
8101.0 0.0000000000e+00
8110.0 0.0000000000e+00
8119.0 0.0000000000e+00
8128.0 0.0000000000e+00
8137.0 0.0000000000e+00
8146.0 0.0000000000e+00
8155.0 0.0000000000e+00
8164.0 0.0000000000e+00
8173.0 0.0000000000e+00
8182.0 0.0000000000e+00
8191.0 0.0000000000e+00
8200.0 0.0000000000e+00
8209.0 0.0000000000e+00
8218.0 0.0000000000e+00
8227.0 0.0000000000e+00
8236.0 0.0000000000e+00
8245.0 0.0000000000e+00
8254.0 0.0000000000e+00
8263.0 0.0000000000e+00
8272.0 0.0000000000e+00
8281.0 0.0000000000e+00
8290.0 0.0000000000e+00
8299.0 0.0000000000e+00
8308.0 0.0000000000e+00
8317.0 0.0000000000e+00
8326.0 0.0000000000e+00
8335.0 0.0000000000e+00
8344.0 0.0000000000e+00
8353.0 0.0000000000e+00
8362.0 0.0000000000e+00
8371.0 0.0000000000e+00
8380.0 0.0000000000e+00
8389.0 0.0000000000e+00
8398.0 0.0000000000e+00
8407.0 0.0000000000e+00
8416.0 0.0000000000e+00
8425.0 0.0000000000e+00
8434.0 0.0000000000e+00
8443.0 0.0000000000e+00
8452.0 0.0000000000e+00
8461.0 0.0000000000e+00
8470.0 0.0000000000e+00
8479.0 0.0000000000e+00
8488.0 0.0000000000e+00
8497.0 0.0000000000e+00
8506.0 0.0000000000e+00
8515.0 0.0000000000e+00
8524.0 0.0000000000e+00
8533.0 0.0000000000e+00
8542.0 0.0000000000e+00
8551.0 0.0000000000e+00
8560.0 0.0000000000e+00
8569.0 0.0000000000e+00
8578.0 0.0000000000e+00
8587.0 0.0000000000e+00
8596.0 0.0000000000e+00
8605.0 0.0000000000e+00
8614.0 0.0000000000e+00
8623.0 0.0000000000e+00
8632.0 0.0000000000e+00
8641.0 0.0000000000e+00
8650.0 0.0000000000e+00
8659.0 0.0000000000e+00
8668.0 0.0000000000e+00
8677.0 0.0000000000e+00
8686.0 0.0000000000e+00
8695.0 0.0000000000e+00
8704.0 0.0000000000e+00
8713.0 0.0000000000e+00
8722.0 0.0000000000e+00
8731.0 0.0000000000e+00
8740.0 0.0000000000e+00
8749.0 0.0000000000e+00
8758.0 0.0000000000e+00
8767.0 0.0000000000e+00
8776.0 0.0000000000e+00
8785.0 0.0000000000e+00
8794.0 0.0000000000e+00
8803.0 0.0000000000e+00
8812.0 0.0000000000e+00
8821.0 0.0000000000e+00
8830.0 0.0000000000e+00
8839.0 0.0000000000e+00
8848.0 0.0000000000e+00
8857.0 0.0000000000e+00
8866.0 0.0000000000e+00
8875.0 0.0000000000e+00
8884.0 0.0000000000e+00
8893.0 0.0000000000e+00
8902.0 0.0000000000e+00
8911.0 0.0000000000e+00
8920.0 0.0000000000e+00
8929.0 0.0000000000e+00
8938.0 0.0000000000e+00
8947.0 0.0000000000e+00
8956.0 0.0000000000e+00
8965.0 0.0000000000e+00
8974.0 0.0000000000e+00
8983.0 0.0000000000e+00
8992.0 0.0000000000e+00
9001.0 0.0000000000e+00
9010.0 0.0000000000e+00
9019.0 0.0000000000e+00
9028.0 0.0000000000e+00
9037.0 0.0000000000e+00
9046.0 0.0000000000e+00
9055.0 0.0000000000e+00
9064.0 0.0000000000e+00
9073.0 0.0000000000e+00
9082.0 0.0000000000e+00
9091.0 0.0000000000e+00
9100.0 0.0000000000e+00
9109.0 0.0000000000e+00
9118.0 0.0000000000e+00
9127.0 0.0000000000e+00
9136.0 0.0000000000e+00
9145.0 0.0000000000e+00
9154.0 0.0000000000e+00
9163.0 0.0000000000e+00
9172.0 0.0000000000e+00
9181.0 0.0000000000e+00
9190.0 0.0000000000e+00
9199.0 0.0000000000e+00
9208.0 0.0000000000e+00
9217.0 0.0000000000e+00
9226.0 0.0000000000e+00
9235.0 0.0000000000e+00
9244.0 0.0000000000e+00
9253.0 0.0000000000e+00
9262.0 0.0000000000e+00
9271.0 0.0000000000e+00
9280.0 0.0000000000e+00
9289.0 0.0000000000e+00
9298.0 0.0000000000e+00
9307.0 0.0000000000e+00
9316.0 0.0000000000e+00
9325.0 0.0000000000e+00
9334.0 0.0000000000e+00
9343.0 0.0000000000e+00
9352.0 0.0000000000e+00
9361.0 0.0000000000e+00
9370.0 0.0000000000e+00
9379.0 0.0000000000e+00
9388.0 0.0000000000e+00
9397.0 0.0000000000e+00
9406.0 0.0000000000e+00
9415.0 0.0000000000e+00
9424.0 0.0000000000e+00
9433.0 0.0000000000e+00
9442.0 0.0000000000e+00
9451.0 0.0000000000e+00
9460.0 0.0000000000e+00
9469.0 0.0000000000e+00
9478.0 0.0000000000e+00
9487.0 0.0000000000e+00
9496.0 0.0000000000e+00
9505.0 0.0000000000e+00
9514.0 0.0000000000e+00
9523.0 0.0000000000e+00
9532.0 0.0000000000e+00
9541.0 0.0000000000e+00
9550.0 0.0000000000e+00
9559.0 0.0000000000e+00
9568.0 0.0000000000e+00
9577.0 0.0000000000e+00
9586.0 0.0000000000e+00
9595.0 0.0000000000e+00
9604.0 0.0000000000e+00
9613.0 0.0000000000e+00
9622.0 0.0000000000e+00
9631.0 0.0000000000e+00
9640.0 0.0000000000e+00
9649.0 0.0000000000e+00
9658.0 0.0000000000e+00
9667.0 0.0000000000e+00
9676.0 0.0000000000e+00
9685.0 0.0000000000e+00
9694.0 0.0000000000e+00
9703.0 0.0000000000e+00
9712.0 0.0000000000e+00
9721.0 0.0000000000e+00
9730.0 0.0000000000e+00
9739.0 0.0000000000e+00
9748.0 0.0000000000e+00
9757.0 0.0000000000e+00
9766.0 0.0000000000e+00
9775.0 0.0000000000e+00
9784.0 0.0000000000e+00
9793.0 0.0000000000e+00
9802.0 0.0000000000e+00
9811.0 0.0000000000e+00
9820.0 0.0000000000e+00
9829.0 0.0000000000e+00
9838.0 0.0000000000e+00
9847.0 0.0000000000e+00
9856.0 0.0000000000e+00
9865.0 0.0000000000e+00
9874.0 0.0000000000e+00
9883.0 0.0000000000e+00
9892.0 0.0000000000e+00
9901.0 0.0000000000e+00
9910.0 0.0000000000e+00
9919.0 0.0000000000e+00
9928.0 0.0000000000e+00
9937.0 0.0000000000e+00
9946.0 0.0000000000e+00
9955.0 0.0000000000e+00
9964.0 0.0000000000e+00
9973.0 0.0000000000e+00
9982.0 0.0000000000e+00
9991.0 0.0000000000e+00
10000.0 0.0000000000e+00
