wave throughput
1000.0 0.0000000000e+00
1009.0 0.0000000000e+00
1018.0 0.0000000000e+00
1027.0 0.0000000000e+00
1036.0 0.0000000000e+00
1045.0 0.0000000000e+00
1054.0 0.0000000000e+00
1063.0 0.0000000000e+00
1072.0 0.0000000000e+00
1081.0 0.0000000000e+00
1090.0 0.0000000000e+00
1099.0 0.0000000000e+00
1108.0 0.0000000000e+00
1117.0 0.0000000000e+00
1126.0 0.0000000000e+00
1135.0 0.0000000000e+00
1144.0 0.0000000000e+00
1153.0 0.0000000000e+00
1162.0 0.0000000000e+00
1171.0 0.0000000000e+00
1180.0 0.0000000000e+00
1189.0 0.0000000000e+00
1198.0 0.0000000000e+00
1207.0 0.0000000000e+00
1216.0 0.0000000000e+00
1225.0 0.0000000000e+00
1234.0 0.0000000000e+00
1243.0 0.0000000000e+00
1252.0 0.0000000000e+00
1261.0 0.0000000000e+00
1270.0 0.0000000000e+00
1279.0 0.0000000000e+00
1288.0 0.0000000000e+00
1297.0 0.0000000000e+00
1306.0 0.0000000000e+00
1315.0 0.0000000000e+00
1324.0 0.0000000000e+00
1333.0 0.0000000000e+00
1342.0 0.0000000000e+00
1351.0 0.0000000000e+00
1360.0 0.0000000000e+00
1369.0 0.0000000000e+00
1378.0 0.0000000000e+00
1387.0 0.0000000000e+00
1396.0 0.0000000000e+00
1405.0 0.0000000000e+00
1414.0 0.0000000000e+00
1423.0 0.0000000000e+00
1432.0 0.0000000000e+00
1441.0 0.0000000000e+00
1450.0 0.0000000000e+00
1459.0 0.0000000000e+00
1468.0 0.0000000000e+00
1477.0 0.0000000000e+00
1486.0 0.0000000000e+00
1495.0 0.0000000000e+00
1504.0 0.0000000000e+00
1513.0 0.0000000000e+00
1522.0 0.0000000000e+00
1531.0 0.0000000000e+00
1540.0 0.0000000000e+00
1549.0 0.0000000000e+00
1558.0 0.0000000000e+00
1567.0 0.0000000000e+00
1576.0 0.0000000000e+00
1585.0 0.0000000000e+00
1594.0 0.0000000000e+00
1603.0 0.0000000000e+00
1612.0 0.0000000000e+00
1621.0 0.0000000000e+00
1630.0 0.0000000000e+00
1639.0 0.0000000000e+00
1648.0 0.0000000000e+00
1657.0 0.0000000000e+00
1666.0 0.0000000000e+00
1675.0 0.0000000000e+00
1684.0 0.0000000000e+00
1693.0 0.0000000000e+00
1702.0 0.0000000000e+00
1711.0 0.0000000000e+00
1720.0 0.0000000000e+00
1729.0 0.0000000000e+00
1738.0 0.0000000000e+00
1747.0 0.0000000000e+00
1756.0 0.0000000000e+00
1765.0 0.0000000000e+00
1774.0 0.0000000000e+00
1783.0 0.0000000000e+00
1792.0 0.0000000000e+00
1801.0 0.0000000000e+00
1810.0 0.0000000000e+00
1819.0 0.0000000000e+00
1828.0 0.0000000000e+00
1837.0 0.0000000000e+00
1846.0 0.0000000000e+00
1855.0 0.0000000000e+00
1864.0 0.0000000000e+00
1873.0 0.0000000000e+00
1882.0 0.0000000000e+00
1891.0 0.0000000000e+00
1900.0 0.0000000000e+00
1909.0 0.0000000000e+00
1918.0 0.0000000000e+00
1927.0 0.0000000000e+00
1936.0 0.0000000000e+00
1945.0 0.0000000000e+00
1954.0 0.0000000000e+00
1963.0 0.0000000000e+00
1972.0 0.0000000000e+00
1981.0 0.0000000000e+00
1990.0 0.0000000000e+00
1999.0 0.0000000000e+00
2008.0 0.0000000000e+00
2017.0 0.0000000000e+00
2026.0 0.0000000000e+00
2035.0 0.0000000000e+00
2044.0 0.0000000000e+00
2053.0 0.0000000000e+00
2062.0 0.0000000000e+00
2071.0 0.0000000000e+00
2080.0 0.0000000000e+00
2089.0 0.0000000000e+00
2098.0 0.0000000000e+00
2107.0 0.0000000000e+00
2116.0 0.0000000000e+00
2125.0 0.0000000000e+00
2134.0 0.0000000000e+00
2143.0 0.0000000000e+00
2152.0 0.0000000000e+00
2161.0 0.0000000000e+00
2170.0 0.0000000000e+00
2179.0 0.0000000000e+00
2188.0 0.0000000000e+00
2197.0 0.0000000000e+00
2206.0 0.0000000000e+00
2215.0 0.0000000000e+00
2224.0 0.0000000000e+00
2233.0 0.0000000000e+00
2242.0 0.0000000000e+00
2251.0 0.0000000000e+00
2260.0 0.0000000000e+00
2269.0 0.0000000000e+00
2278.0 0.0000000000e+00
2287.0 0.0000000000e+00
2296.0 0.0000000000e+00
2305.0 0.0000000000e+00
2314.0 0.0000000000e+00
2323.0 0.0000000000e+00
2332.0 0.0000000000e+00
2341.0 0.0000000000e+00
2350.0 0.0000000000e+00
2359.0 0.0000000000e+00
2368.0 0.0000000000e+00
2377.0 0.0000000000e+00
2386.0 0.0000000000e+00
2395.0 0.0000000000e+00
2404.0 0.0000000000e+00
2413.0 0.0000000000e+00
2422.0 0.0000000000e+00
2431.0 0.0000000000e+00
2440.0 0.0000000000e+00
2449.0 0.0000000000e+00
2458.0 0.0000000000e+00
2467.0 0.0000000000e+00
2476.0 0.0000000000e+00
2485.0 0.0000000000e+00
2494.0 0.0000000000e+00
2503.0 0.0000000000e+00
2512.0 0.0000000000e+00
2521.0 0.0000000000e+00
2530.0 0.0000000000e+00
2539.0 0.0000000000e+00
2548.0 0.0000000000e+00
2557.0 0.0000000000e+00
2566.0 0.0000000000e+00
2575.0 0.0000000000e+00
2584.0 0.0000000000e+00
2593.0 0.0000000000e+00
2602.0 0.0000000000e+00
2611.0 0.0000000000e+00
2620.0 0.0000000000e+00
2629.0 0.0000000000e+00
2638.0 0.0000000000e+00
2647.0 0.0000000000e+00
2656.0 0.0000000000e+00
2665.0 0.0000000000e+00
2674.0 0.0000000000e+00
2683.0 0.0000000000e+00
2692.0 0.0000000000e+00
2701.0 0.0000000000e+00
2710.0 0.0000000000e+00
2719.0 0.0000000000e+00
2728.0 0.0000000000e+00
2737.0 0.0000000000e+00
2746.0 0.0000000000e+00
2755.0 0.0000000000e+00
2764.0 0.0000000000e+00
2773.0 0.0000000000e+00
2782.0 0.0000000000e+00
2791.0 0.0000000000e+00
2800.0 0.0000000000e+00
2809.0 0.0000000000e+00
2818.0 0.0000000000e+00
2827.0 0.0000000000e+00
2836.0 0.0000000000e+00
2845.0 0.0000000000e+00
2854.0 0.0000000000e+00
2863.0 0.0000000000e+00
2872.0 0.0000000000e+00
2881.0 0.0000000000e+00
2890.0 0.0000000000e+00
2899.0 0.0000000000e+00
2908.0 0.0000000000e+00
2917.0 0.0000000000e+00
2926.0 0.0000000000e+00
2935.0 0.0000000000e+00
2944.0 0.0000000000e+00
2953.0 0.0000000000e+00
2962.0 0.0000000000e+00
2971.0 0.0000000000e+00
2980.0 0.0000000000e+00
2989.0 0.0000000000e+00
2998.0 0.0000000000e+00
3007.0 0.0000000000e+00
3016.0 0.0000000000e+00
3025.0 0.0000000000e+00
3034.0 0.0000000000e+00
3043.0 0.0000000000e+00
3052.0 0.0000000000e+00
3061.0 0.0000000000e+00
3070.0 0.0000000000e+00
3079.0 0.0000000000e+00
3088.0 0.0000000000e+00
3097.0 0.0000000000e+00
3106.0 0.0000000000e+00
3115.0 0.0000000000e+00
3124.0 0.0000000000e+00
3133.0 0.0000000000e+00
3142.0 0.0000000000e+00
3151.0 0.0000000000e+00
3160.0 0.0000000000e+00
3169.0 0.0000000000e+00
3178.0 0.0000000000e+00
3187.0 0.0000000000e+00
3196.0 0.0000000000e+00
3205.0 0.0000000000e+00
3214.0 0.0000000000e+00
3223.0 0.0000000000e+00
3232.0 0.0000000000e+00
3241.0 0.0000000000e+00
3250.0 0.0000000000e+00
3259.0 0.0000000000e+00
3268.0 0.0000000000e+00
3277.0 0.0000000000e+00
3286.0 0.0000000000e+00
3295.0 0.0000000000e+00
3304.0 0.0000000000e+00
3313.0 0.0000000000e+00
3322.0 0.0000000000e+00
3331.0 0.0000000000e+00
3340.0 0.0000000000e+00
3349.0 0.0000000000e+00
3358.0 0.0000000000e+00
3367.0 0.0000000000e+00
3376.0 0.0000000000e+00
3385.0 0.0000000000e+00
3394.0 0.0000000000e+00
3403.0 0.0000000000e+00
3412.0 0.0000000000e+00
3421.0 0.0000000000e+00
3430.0 0.0000000000e+00
3439.0 0.0000000000e+00
3448.0 0.0000000000e+00
3457.0 0.0000000000e+00
3466.0 0.0000000000e+00
3475.0 0.0000000000e+00
3484.0 0.0000000000e+00
3493.0 0.0000000000e+00
3502.0 0.0000000000e+00
3511.0 0.0000000000e+00
3520.0 0.0000000000e+00
3529.0 0.0000000000e+00
3538.0 0.0000000000e+00
3547.0 0.0000000000e+00
3556.0 0.0000000000e+00
3565.0 0.0000000000e+00
3574.0 0.0000000000e+00
3583.0 0.0000000000e+00
3592.0 0.0000000000e+00
3601.0 0.0000000000e+00
3610.0 0.0000000000e+00
3619.0 0.0000000000e+00
3628.0 0.0000000000e+00
3637.0 0.0000000000e+00
3646.0 0.0000000000e+00
3655.0 0.0000000000e+00
3664.0 0.0000000000e+00
3673.0 0.0000000000e+00
3682.0 0.0000000000e+00
3691.0 0.0000000000e+00
3700.0 0.0000000000e+00
3709.0 0.0000000000e+00
3718.0 0.0000000000e+00
3727.0 0.0000000000e+00
3736.0 0.0000000000e+00
3745.0 0.0000000000e+00
3754.0 0.0000000000e+00
3763.0 0.0000000000e+00
3772.0 0.0000000000e+00
3781.0 0.0000000000e+00
3790.0 0.0000000000e+00
3799.0 0.0000000000e+00
3808.0 0.0000000000e+00
3817.0 0.0000000000e+00
3826.0 0.0000000000e+00
3835.0 1.1438686845e-310
3844.0 2.1657419580e-302
3853.0 3.1622164592e-294
3862.0 3.5611799435e-286
3871.0 3.0931646282e-278
3880.0 2.0723567294e-270
3889.0 1.0710185504e-262
3898.0 4.2697453236e-255
3907.0 1.3131600543e-247
3916.0 3.1155199329e-240
3925.0 5.7023104414e-233
3934.0 8.0517803487e-226
3943.0 8.7713420270e-219
3952.0 7.3720986376e-212
3961.0 4.7803516068e-205
3970.0 2.3916007579e-198
3979.0 9.2322506831e-192
3988.0 2.7497872350e-185
3997.0 6.3206279029e-179
4006.0 1.1239953161e-172
4015.0 1.5449848426e-166
4024.0 1.6385489220e-160
4033.0 1.3409659141e-154
4042.0 8.4682412409e-149
4051.0 4.1266646825e-143
4060.0 1.5518102646e-137
4069.0 4.5035218489e-132
4078.0 1.0085889972e-126
4087.0 1.7431496023e-121
4096.0 2.3249867506e-116
4105.0 2.3934878990e-111
4114.0 1.9017321716e-106
4123.0 1.1662579629e-101
4132.0 5.5203414357e-97
4141.0 2.0169407365e-92
4150.0 5.6882468989e-88
4159.0 1.2383185121e-83
4168.0 2.0810902761e-79
4177.0 2.6998663295e-75
4186.0 2.7043038156e-71
4195.0 2.0913162376e-67
4204.0 1.2487244778e-63
4213.0 5.7572132369e-60
4222.0 2.0496695162e-56
4231.0 5.6351197107e-53
4240.0 1.1963846581e-49
4249.0 1.9620126160e-46
4258.0 2.4852767495e-43
4267.0 2.4319840664e-40
4276.0 1.8386608640e-37
4285.0 1.0741752077e-34
4294.0 4.8502170195e-32
4303.0 1.6928362064e-29
4312.0 4.5678070277e-27
4321.0 9.5302292440e-25
4330.0 1.5378847071e-22
4339.0 1.9200505409e-20
4348.0 1.8550708671e-18
4357.0 1.3874246995e-16
4366.0 8.0357184764e-15
4375.0 3.6057746284e-13
4384.0 1.2541510566e-11
4393.0 3.3836905283e-10
4402.0 7.0870761322e-09
4411.0 1.1535766452e-07
4420.0 1.4609935899e-06
4429.0 1.4417963504e-05
4438.0 1.1117950191e-04
4447.0 6.7118425994e-04
4456.0 3.1846991606e-03
4465.0 1.1935713056e-02
4474.0 3.5573595403e-02
4483.0 8.5123793872e-02
4492.0 1.6576271360e-01
4501.0 2.6768160448e-01
4510.0 3.6793130695e-01
4519.0 4.4489649611e-01
4528.0 4.9142262971e-01
4537.0 5.1419868949e-01
4546.0 5.2401248988e-01
4555.0 5.2866146897e-01
4564.0 5.3169724777e-01
4573.0 5.3432437735e-01
4582.0 5.3682274132e-01
4591.0 5.3929259161e-01
4600.0 5.4172701432e-01
4609.0 5.4416149565e-01
4618.0 5.4659677837e-01
4627.0 5.4904535357e-01
4636.0 5.5151517701e-01
4645.0 5.5396698361e-01
4654.0 5.5638541026e-01
4663.0 5.5866594983e-01
4672.0 5.6084887489e-01
4681.0 5.6292987235e-01
4690.0 5.6478057277e-01
4699.0 5.6580735572e-01
4708.0 5.6386319693e-01
4717.0 5.5301544823e-01
4726.0 5.2251176308e-01
4735.0 4.6046473622e-01
4744.0 3.6434522600e-01
4753.0 2.4958086327e-01
4762.0 1.4366876708e-01
4771.0 6.8002882659e-02
4780.0 2.6047049328e-02
4789.0 7.9778197367e-03
4798.0 1.9368767763e-03
4807.0 3.7053819993e-04
4816.0 5.5610389849e-05
4825.0 6.5265726045e-06
4834.0 5.9761810465e-07
4843.0 4.2616830786e-08
4852.0 2.3631572303e-09
4861.0 1.0177923933e-10
4870.0 3.4012815704e-12
4879.0 8.8140738533e-14
4888.0 1.7698078471e-15
4897.0 2.7524844753e-17
4906.0 3.3147058874e-19
4915.0 3.0898922349e-21
4924.0 2.2287633973e-23
4933.0 1.2435933578e-25
4942.0 5.3662982720e-28
4951.0 1.7904733601e-30
4960.0 4.6178342802e-33
4969.0 9.2051372953e-36
4978.0 1.4180339916e-38
4987.0 1.6878124751e-41
4996.0 1.5521628863e-44
5005.0 1.1027299516e-47
5014.0 6.0523757139e-51
5023.0 2.5659072477e-54
5032.0 8.4012596844e-58
5041.0 2.1239540869e-61
5050.0 4.1558395710e-65
5059.0 6.2717062023e-69
5068.0 7.3145889407e-73
5077.0 6.5878537103e-77
5086.0 4.5831600059e-81
5095.0 2.4614774261e-85
5104.0 1.0207360956e-89
5113.0 3.2673450334e-94
5122.0 8.0735461559e-99
5131.0 1.5400568848e-103
5140.0 2.2678761482e-108
5149.0 2.5781860832e-113
5158.0 2.2627884646e-118
5167.0 1.5331597463e-123
5176.0 8.0193896493e-129
5185.0 3.2378428352e-134
5194.0 1.0091521486e-139
5203.0 2.4277869677e-145
5212.0 4.5077896444e-151
5221.0 6.4601603382e-157
5230.0 7.1457921853e-163
5239.0 6.1009064649e-169
5248.0 4.0201467525e-175
5257.0 2.0449227821e-181
5266.0 8.0284252341e-188
5275.0 2.4329906055e-194
5284.0 5.6911523313e-201
5293.0 1.0276217155e-207
5302.0 1.4322917091e-214
5311.0 1.5410372398e-221
5320.0 1.2799191509e-228
5329.0 8.2065728296e-236
5338.0 4.0620902086e-243
5347.0 1.5520917109e-250
5356.0 4.5777604883e-258
5365.0 1.0419948274e-265
5374.0 1.8304497078e-273
5383.0 2.4813138863e-281
5392.0 2.5956633674e-289
5401.0 2.0953799735e-297
5410.0 1.3050413966e-305
5419.0 0.0000000000e+00
5428.0 0.0000000000e+00
5437.0 0.0000000000e+00
5446.0 0.0000000000e+00
5455.0 0.0000000000e+00
5464.0 0.0000000000e+00
5473.0 0.0000000000e+00
5482.0 0.0000000000e+00
5491.0 0.0000000000e+00
5500.0 0.0000000000e+00
5509.0 0.0000000000e+00
5518.0 0.0000000000e+00
5527.0 0.0000000000e+00
5536.0 0.0000000000e+00
5545.0 0.0000000000e+00
5554.0 0.0000000000e+00
5563.0 0.0000000000e+00
5572.0 0.0000000000e+00
5581.0 0.0000000000e+00
5590.0 0.0000000000e+00
5599.0 0.0000000000e+00
5608.0 0.0000000000e+00
5617.0 0.0000000000e+00
5626.0 0.0000000000e+00
5635.0 0.0000000000e+00
5644.0 0.0000000000e+00
5653.0 0.0000000000e+00
5662.0 0.0000000000e+00
5671.0 0.0000000000e+00
5680.0 0.0000000000e+00
5689.0 0.0000000000e+00
5698.0 0.0000000000e+00
5707.0 0.0000000000e+00
5716.0 0.0000000000e+00
5725.0 0.0000000000e+00
5734.0 0.0000000000e+00
5743.0 0.0000000000e+00
5752.0 0.0000000000e+00
5761.0 0.0000000000e+00
5770.0 0.0000000000e+00
5779.0 0.0000000000e+00
5788.0 0.0000000000e+00
5797.0 0.0000000000e+00
5806.0 0.0000000000e+00
5815.0 0.0000000000e+00
5824.0 0.0000000000e+00
5833.0 0.0000000000e+00
5842.0 0.0000000000e+00
5851.0 0.0000000000e+00
5860.0 0.0000000000e+00
5869.0 0.0000000000e+00
5878.0 0.0000000000e+00
5887.0 0.0000000000e+00
5896.0 0.0000000000e+00
5905.0 0.0000000000e+00
5914.0 0.0000000000e+00
5923.0 0.0000000000e+00
5932.0 0.0000000000e+00
5941.0 0.0000000000e+00
5950.0 0.0000000000e+00
5959.0 0.0000000000e+00
5968.0 0.0000000000e+00
5977.0 0.0000000000e+00
5986.0 0.0000000000e+00
5995.0 0.0000000000e+00
6004.0 0.0000000000e+00
6013.0 0.0000000000e+00
6022.0 0.0000000000e+00
6031.0 0.0000000000e+00
6040.0 0.0000000000e+00
6049.0 0.0000000000e+00
6058.0 0.0000000000e+00
6067.0 0.0000000000e+00
6076.0 0.0000000000e+00
6085.0 0.0000000000e+00
6094.0 0.0000000000e+00
6103.0 0.0000000000e+00
6112.0 0.0000000000e+00
6121.0 0.0000000000e+00
6130.0 0.0000000000e+00
6139.0 0.0000000000e+00
6148.0 0.0000000000e+00
6157.0 0.0000000000e+00
6166.0 0.0000000000e+00
6175.0 0.0000000000e+00
6184.0 0.0000000000e+00
6193.0 0.0000000000e+00
6202.0 0.0000000000e+00
6211.0 0.0000000000e+00
6220.0 0.0000000000e+00
6229.0 0.0000000000e+00
6238.0 0.0000000000e+00
6247.0 0.0000000000e+00
6256.0 0.0000000000e+00
6265.0 0.0000000000e+00
6274.0 0.0000000000e+00
6283.0 0.0000000000e+00
6292.0 0.0000000000e+00
6301.0 0.0000000000e+00
6310.0 0.0000000000e+00
6319.0 0.0000000000e+00
6328.0 0.0000000000e+00
6337.0 0.0000000000e+00
6346.0 0.0000000000e+00
6355.0 0.0000000000e+00
6364.0 0.0000000000e+00
6373.0 0.0000000000e+00
6382.0 0.0000000000e+00
6391.0 0.0000000000e+00
6400.0 0.0000000000e+00
6409.0 0.0000000000e+00
6418.0 0.0000000000e+00
6427.0 0.0000000000e+00
6436.0 0.0000000000e+00
6445.0 0.0000000000e+00
6454.0 0.0000000000e+00
6463.0 0.0000000000e+00
6472.0 0.0000000000e+00
6481.0 0.0000000000e+00
6490.0 0.0000000000e+00
6499.0 0.0000000000e+00
6508.0 0.0000000000e+00
6517.0 0.0000000000e+00
6526.0 0.0000000000e+00
6535.0 0.0000000000e+00
6544.0 0.0000000000e+00
6553.0 0.0000000000e+00
6562.0 0.0000000000e+00
6571.0 0.0000000000e+00
6580.0 0.0000000000e+00
6589.0 0.0000000000e+00
6598.0 0.0000000000e+00
6607.0 0.0000000000e+00
6616.0 0.0000000000e+00
6625.0 0.0000000000e+00
6634.0 0.0000000000e+00
6643.0 0.0000000000e+00
6652.0 0.0000000000e+00
6661.0 0.0000000000e+00
6670.0 0.0000000000e+00
6679.0 0.0000000000e+00
6688.0 0.0000000000e+00
6697.0 0.0000000000e+00
6706.0 0.0000000000e+00
6715.0 0.0000000000e+00
6724.0 0.0000000000e+00
6733.0 0.0000000000e+00
6742.0 0.0000000000e+00
6751.0 0.0000000000e+00
6760.0 0.0000000000e+00
6769.0 0.0000000000e+00
6778.0 0.0000000000e+00
6787.0 0.0000000000e+00
6796.0 0.0000000000e+00
6805.0 0.0000000000e+00
6814.0 0.0000000000e+00
6823.0 0.0000000000e+00
6832.0 0.0000000000e+00
6841.0 0.0000000000e+00
6850.0 0.0000000000e+00
6859.0 0.0000000000e+00
6868.0 0.0000000000e+00
6877.0 0.0000000000e+00
6886.0 0.0000000000e+00
6895.0 0.0000000000e+00
6904.0 0.0000000000e+00
6913.0 0.0000000000e+00
6922.0 0.0000000000e+00
6931.0 0.0000000000e+00
6940.0 0.0000000000e+00
6949.0 0.0000000000e+00
6958.0 0.0000000000e+00
6967.0 0.0000000000e+00
6976.0 0.0000000000e+00
6985.0 0.0000000000e+00
6994.0 0.0000000000e+00
7003.0 0.0000000000e+00
7012.0 0.0000000000e+00
7021.0 0.0000000000e+00
7030.0 0.0000000000e+00
7039.0 0.0000000000e+00
7048.0 0.0000000000e+00
7057.0 0.0000000000e+00
7066.0 0.0000000000e+00
7075.0 0.0000000000e+00
7084.0 0.0000000000e+00
7093.0 0.0000000000e+00
7102.0 0.0000000000e+00
7111.0 0.0000000000e+00
7120.0 0.0000000000e+00
7129.0 0.0000000000e+00
7138.0 0.0000000000e+00
7147.0 0.0000000000e+00
7156.0 0.0000000000e+00
7165.0 0.0000000000e+00
7174.0 0.0000000000e+00
7183.0 0.0000000000e+00
7192.0 0.0000000000e+00
7201.0 0.0000000000e+00
7210.0 0.0000000000e+00
7219.0 0.0000000000e+00
7228.0 0.0000000000e+00
7237.0 0.0000000000e+00
7246.0 0.0000000000e+00
7255.0 0.0000000000e+00
7264.0 0.0000000000e+00
7273.0 0.0000000000e+00
7282.0 0.0000000000e+00
7291.0 0.0000000000e+00
7300.0 0.0000000000e+00
7309.0 0.0000000000e+00
7318.0 0.0000000000e+00
7327.0 0.0000000000e+00
7336.0 0.0000000000e+00
7345.0 0.0000000000e+00
7354.0 0.0000000000e+00
7363.0 0.0000000000e+00
7372.0 0.0000000000e+00
7381.0 0.0000000000e+00
7390.0 0.0000000000e+00
7399.0 0.0000000000e+00
7408.0 0.0000000000e+00
7417.0 0.0000000000e+00
7426.0 0.0000000000e+00
7435.0 0.0000000000e+00
7444.0 0.0000000000e+00
7453.0 0.0000000000e+00
7462.0 0.0000000000e+00
7471.0 0.0000000000e+00
7480.0 0.0000000000e+00
7489.0 0.0000000000e+00
7498.0 0.0000000000e+00
7507.0 0.0000000000e+00
7516.0 0.0000000000e+00
7525.0 0.0000000000e+00
7534.0 0.0000000000e+00
7543.0 0.0000000000e+00
7552.0 0.0000000000e+00
7561.0 0.0000000000e+00
7570.0 0.0000000000e+00
7579.0 0.0000000000e+00
7588.0 0.0000000000e+00
7597.0 0.0000000000e+00
7606.0 0.0000000000e+00
7615.0 0.0000000000e+00
7624.0 0.0000000000e+00
7633.0 0.0000000000e+00
7642.0 0.0000000000e+00
7651.0 0.0000000000e+00
7660.0 0.0000000000e+00
7669.0 0.0000000000e+00
7678.0 0.0000000000e+00
7687.0 0.0000000000e+00
7696.0 0.0000000000e+00
7705.0 0.0000000000e+00
7714.0 0.0000000000e+00
7723.0 0.0000000000e+00
7732.0 0.0000000000e+00
7741.0 0.0000000000e+00
7750.0 0.0000000000e+00
7759.0 0.0000000000e+00
7768.0 0.0000000000e+00
7777.0 0.0000000000e+00
7786.0 0.0000000000e+00
7795.0 0.0000000000e+00
7804.0 0.0000000000e+00
7813.0 0.0000000000e+00
7822.0 0.0000000000e+00
7831.0 0.0000000000e+00
7840.0 0.0000000000e+00
7849.0 0.0000000000e+00
7858.0 0.0000000000e+00
7867.0 0.0000000000e+00
7876.0 0.0000000000e+00
7885.0 0.0000000000e+00
7894.0 0.0000000000e+00
7903.0 0.0000000000e+00
7912.0 0.0000000000e+00
7921.0 0.0000000000e+00
7930.0 0.0000000000e+00
7939.0 0.0000000000e+00
7948.0 0.0000000000e+00
7957.0 0.0000000000e+00
7966.0 0.0000000000e+00
7975.0 0.0000000000e+00
7984.0 0.0000000000e+00
7993.0 0.0000000000e+00
8002.0 0.0000000000e+00
8011.0 0.0000000000e+00
8020.0 0.0000000000e+00
8029.0 0.0000000000e+00
8038.0 0.0000000000e+00
8047.0 0.0000000000e+00
8056.0 0.0000000000e+00
8065.0 0.0000000000e+00
8074.0 0.0000000000e+00
8083.0 0.0000000000e+00
8092.0 0.0000000000e+00
8101.0 0.0000000000e+00
8110.0 0.0000000000e+00
8119.0 0.0000000000e+00
8128.0 0.0000000000e+00
8137.0 0.0000000000e+00
8146.0 0.0000000000e+00
8155.0 0.0000000000e+00
8164.0 0.0000000000e+00
8173.0 0.0000000000e+00
8182.0 0.0000000000e+00
8191.0 0.0000000000e+00
8200.0 0.0000000000e+00
8209.0 0.0000000000e+00
8218.0 0.0000000000e+00
8227.0 0.0000000000e+00
8236.0 0.0000000000e+00
8245.0 0.0000000000e+00
8254.0 0.0000000000e+00
8263.0 0.0000000000e+00
8272.0 0.0000000000e+00
8281.0 0.0000000000e+00
8290.0 0.0000000000e+00
8299.0 0.0000000000e+00
8308.0 0.0000000000e+00
8317.0 0.0000000000e+00
8326.0 0.0000000000e+00
8335.0 0.0000000000e+00
8344.0 0.0000000000e+00
8353.0 0.0000000000e+00
8362.0 0.0000000000e+00
8371.0 0.0000000000e+00
8380.0 0.0000000000e+00
8389.0 0.0000000000e+00
8398.0 0.0000000000e+00
8407.0 0.0000000000e+00
8416.0 0.0000000000e+00
8425.0 0.0000000000e+00
8434.0 0.0000000000e+00
8443.0 0.0000000000e+00
8452.0 0.0000000000e+00
8461.0 0.0000000000e+00
8470.0 0.0000000000e+00
8479.0 0.0000000000e+00
8488.0 0.0000000000e+00
8497.0 0.0000000000e+00
8506.0 0.0000000000e+00
8515.0 0.0000000000e+00
8524.0 0.0000000000e+00
8533.0 0.0000000000e+00
8542.0 0.0000000000e+00
8551.0 0.0000000000e+00
8560.0 0.0000000000e+00
8569.0 0.0000000000e+00
8578.0 0.0000000000e+00
8587.0 0.0000000000e+00
8596.0 0.0000000000e+00
8605.0 0.0000000000e+00
8614.0 0.0000000000e+00
8623.0 0.0000000000e+00
8632.0 0.0000000000e+00
8641.0 0.0000000000e+00
8650.0 0.0000000000e+00
8659.0 0.0000000000e+00
8668.0 0.0000000000e+00
8677.0 0.0000000000e+00
8686.0 0.0000000000e+00
8695.0 0.0000000000e+00
8704.0 0.0000000000e+00
8713.0 0.0000000000e+00
8722.0 0.0000000000e+00
8731.0 0.0000000000e+00
8740.0 0.0000000000e+00
8749.0 0.0000000000e+00
8758.0 0.0000000000e+00
8767.0 0.0000000000e+00
8776.0 0.0000000000e+00
8785.0 0.0000000000e+00
8794.0 0.0000000000e+00
8803.0 0.0000000000e+00
8812.0 0.0000000000e+00
8821.0 0.0000000000e+00
8830.0 0.0000000000e+00
8839.0 0.0000000000e+00
8848.0 0.0000000000e+00
8857.0 0.0000000000e+00
8866.0 0.0000000000e+00
8875.0 0.0000000000e+00
8884.0 0.0000000000e+00
8893.0 0.0000000000e+00
8902.0 0.0000000000e+00
8911.0 0.0000000000e+00
8920.0 0.0000000000e+00
8929.0 0.0000000000e+00
8938.0 0.0000000000e+00
8947.0 0.0000000000e+00
8956.0 0.0000000000e+00
8965.0 0.0000000000e+00
8974.0 0.0000000000e+00
8983.0 0.0000000000e+00
8992.0 0.0000000000e+00
9001.0 0.0000000000e+00
9010.0 0.0000000000e+00
9019.0 0.0000000000e+00
9028.0 0.0000000000e+00
9037.0 0.0000000000e+00
9046.0 0.0000000000e+00
9055.0 0.0000000000e+00
9064.0 0.0000000000e+00
9073.0 0.0000000000e+00
9082.0 0.0000000000e+00
9091.0 0.0000000000e+00
9100.0 0.0000000000e+00
9109.0 0.0000000000e+00
9118.0 0.0000000000e+00
9127.0 0.0000000000e+00
9136.0 0.0000000000e+00
9145.0 0.0000000000e+00
9154.0 0.0000000000e+00
9163.0 0.0000000000e+00
9172.0 0.0000000000e+00
9181.0 0.0000000000e+00
9190.0 0.0000000000e+00
9199.0 0.0000000000e+00
9208.0 0.0000000000e+00
9217.0 0.0000000000e+00
9226.0 0.0000000000e+00
9235.0 0.0000000000e+00
9244.0 0.0000000000e+00
9253.0 0.0000000000e+00
9262.0 0.0000000000e+00
9271.0 0.0000000000e+00
9280.0 0.0000000000e+00
9289.0 0.0000000000e+00
9298.0 0.0000000000e+00
9307.0 0.0000000000e+00
9316.0 0.0000000000e+00
9325.0 0.0000000000e+00
9334.0 0.0000000000e+00
9343.0 0.0000000000e+00
9352.0 0.0000000000e+00
9361.0 0.0000000000e+00
9370.0 0.0000000000e+00
9379.0 0.0000000000e+00
9388.0 0.0000000000e+00
9397.0 0.0000000000e+00
9406.0 0.0000000000e+00
9415.0 0.0000000000e+00
9424.0 0.0000000000e+00
9433.0 0.0000000000e+00
9442.0 0.0000000000e+00
9451.0 0.0000000000e+00
9460.0 0.0000000000e+00
9469.0 0.0000000000e+00
9478.0 0.0000000000e+00
9487.0 0.0000000000e+00
9496.0 0.0000000000e+00
9505.0 0.0000000000e+00
9514.0 0.0000000000e+00
9523.0 0.0000000000e+00
9532.0 0.0000000000e+00
9541.0 0.0000000000e+00
9550.0 0.0000000000e+00
9559.0 0.0000000000e+00
9568.0 0.0000000000e+00
9577.0 0.0000000000e+00
9586.0 0.0000000000e+00
9595.0 0.0000000000e+00
9604.0 0.0000000000e+00
9613.0 0.0000000000e+00
9622.0 0.0000000000e+00
9631.0 0.0000000000e+00
9640.0 0.0000000000e+00
9649.0 0.0000000000e+00
9658.0 0.0000000000e+00
9667.0 0.0000000000e+00
9676.0 0.0000000000e+00
9685.0 0.0000000000e+00
9694.0 0.0000000000e+00
9703.0 0.0000000000e+00
9712.0 0.0000000000e+00
9721.0 0.0000000000e+00
9730.0 0.0000000000e+00
9739.0 0.0000000000e+00
9748.0 0.0000000000e+00
9757.0 0.0000000000e+00
9766.0 0.0000000000e+00
9775.0 0.0000000000e+00
9784.0 0.0000000000e+00
9793.0 0.0000000000e+00
9802.0 0.0000000000e+00
9811.0 0.0000000000e+00
9820.0 0.0000000000e+00
9829.0 0.0000000000e+00
9838.0 0.0000000000e+00
9847.0 0.0000000000e+00
9856.0 0.0000000000e+00
9865.0 0.0000000000e+00
9874.0 0.0000000000e+00
9883.0 0.0000000000e+00
9892.0 0.0000000000e+00
9901.0 0.0000000000e+00
9910.0 0.0000000000e+00
9919.0 0.0000000000e+00
9928.0 0.0000000000e+00
9937.0 0.0000000000e+00
9946.0 0.0000000000e+00
9955.0 0.0000000000e+00
9964.0 0.0000000000e+00
9973.0 0.0000000000e+00
9982.0 0.0000000000e+00
9991.0 0.0000000000e+00
10000.0 0.0000000000e+00
