wave throughput
1000.0 0.0000000000e+00
1009.0 0.0000000000e+00
1018.0 0.0000000000e+00
1027.0 0.0000000000e+00
1036.0 0.0000000000e+00
1045.0 0.0000000000e+00
1054.0 0.0000000000e+00
1063.0 0.0000000000e+00
1072.0 0.0000000000e+00
1081.0 0.0000000000e+00
1090.0 0.0000000000e+00
1099.0 0.0000000000e+00
1108.0 0.0000000000e+00
1117.0 0.0000000000e+00
1126.0 0.0000000000e+00
1135.0 0.0000000000e+00
1144.0 0.0000000000e+00
1153.0 0.0000000000e+00
1162.0 0.0000000000e+00
1171.0 0.0000000000e+00
1180.0 0.0000000000e+00
1189.0 0.0000000000e+00
1198.0 0.0000000000e+00
1207.0 0.0000000000e+00
1216.0 0.0000000000e+00
1225.0 0.0000000000e+00
1234.0 0.0000000000e+00
1243.0 0.0000000000e+00
1252.0 0.0000000000e+00
1261.0 0.0000000000e+00
1270.0 0.0000000000e+00
1279.0 0.0000000000e+00
1288.0 0.0000000000e+00
1297.0 0.0000000000e+00
1306.0 0.0000000000e+00
1315.0 0.0000000000e+00
1324.0 0.0000000000e+00
1333.0 0.0000000000e+00
1342.0 0.0000000000e+00
1351.0 0.0000000000e+00
1360.0 0.0000000000e+00
1369.0 0.0000000000e+00
1378.0 0.0000000000e+00
1387.0 0.0000000000e+00
1396.0 0.0000000000e+00
1405.0 0.0000000000e+00
1414.0 0.0000000000e+00
1423.0 0.0000000000e+00
1432.0 0.0000000000e+00
1441.0 0.0000000000e+00
1450.0 0.0000000000e+00
1459.0 0.0000000000e+00
1468.0 0.0000000000e+00
1477.0 0.0000000000e+00
1486.0 0.0000000000e+00
1495.0 0.0000000000e+00
1504.0 0.0000000000e+00
1513.0 0.0000000000e+00
1522.0 0.0000000000e+00
1531.0 0.0000000000e+00
1540.0 0.0000000000e+00
1549.0 0.0000000000e+00
1558.0 0.0000000000e+00
1567.0 0.0000000000e+00
1576.0 0.0000000000e+00
1585.0 0.0000000000e+00
1594.0 0.0000000000e+00
1603.0 0.0000000000e+00
1612.0 0.0000000000e+00
1621.0 0.0000000000e+00
1630.0 0.0000000000e+00
1639.0 0.0000000000e+00
1648.0 0.0000000000e+00
1657.0 0.0000000000e+00
1666.0 0.0000000000e+00
1675.0 0.0000000000e+00
1684.0 0.0000000000e+00
1693.0 0.0000000000e+00
1702.0 0.0000000000e+00
1711.0 0.0000000000e+00
1720.0 0.0000000000e+00
1729.0 0.0000000000e+00
1738.0 0.0000000000e+00
1747.0 0.0000000000e+00
1756.0 0.0000000000e+00
1765.0 0.0000000000e+00
1774.0 0.0000000000e+00
1783.0 0.0000000000e+00
1792.0 0.0000000000e+00
1801.0 0.0000000000e+00
1810.0 0.0000000000e+00
1819.0 0.0000000000e+00
1828.0 0.0000000000e+00
1837.0 0.0000000000e+00
1846.0 0.0000000000e+00
1855.0 0.0000000000e+00
1864.0 0.0000000000e+00
1873.0 0.0000000000e+00
1882.0 0.0000000000e+00
1891.0 0.0000000000e+00
1900.0 0.0000000000e+00
1909.0 0.0000000000e+00
1918.0 0.0000000000e+00
1927.0 0.0000000000e+00
1936.0 0.0000000000e+00
1945.0 0.0000000000e+00
1954.0 0.0000000000e+00
1963.0 0.0000000000e+00
1972.0 0.0000000000e+00
1981.0 0.0000000000e+00
1990.0 0.0000000000e+00
1999.0 0.0000000000e+00
2008.0 0.0000000000e+00
2017.0 0.0000000000e+00
2026.0 0.0000000000e+00
2035.0 0.0000000000e+00
2044.0 0.0000000000e+00
2053.0 0.0000000000e+00
2062.0 0.0000000000e+00
2071.0 0.0000000000e+00
2080.0 0.0000000000e+00
2089.0 0.0000000000e+00
2098.0 0.0000000000e+00
2107.0 0.0000000000e+00
2116.0 0.0000000000e+00
2125.0 0.0000000000e+00
2134.0 0.0000000000e+00
2143.0 0.0000000000e+00
2152.0 0.0000000000e+00
2161.0 0.0000000000e+00
2170.0 0.0000000000e+00
2179.0 0.0000000000e+00
2188.0 0.0000000000e+00
2197.0 0.0000000000e+00
2206.0 0.0000000000e+00
2215.0 0.0000000000e+00
2224.0 0.0000000000e+00
2233.0 0.0000000000e+00
2242.0 0.0000000000e+00
2251.0 0.0000000000e+00
2260.0 0.0000000000e+00
2269.0 0.0000000000e+00
2278.0 0.0000000000e+00
2287.0 0.0000000000e+00
2296.0 0.0000000000e+00
2305.0 0.0000000000e+00
2314.0 0.0000000000e+00
2323.0 0.0000000000e+00
2332.0 0.0000000000e+00
2341.0 0.0000000000e+00
2350.0 0.0000000000e+00
2359.0 0.0000000000e+00
2368.0 0.0000000000e+00
2377.0 0.0000000000e+00
2386.0 0.0000000000e+00
2395.0 0.0000000000e+00
2404.0 0.0000000000e+00
2413.0 0.0000000000e+00
2422.0 0.0000000000e+00
2431.0 0.0000000000e+00
2440.0 0.0000000000e+00
2449.0 0.0000000000e+00
2458.0 0.0000000000e+00
2467.0 0.0000000000e+00
2476.0 0.0000000000e+00
2485.0 0.0000000000e+00
2494.0 0.0000000000e+00
2503.0 0.0000000000e+00
2512.0 0.0000000000e+00
2521.0 0.0000000000e+00
2530.0 0.0000000000e+00
2539.0 0.0000000000e+00
2548.0 0.0000000000e+00
2557.0 0.0000000000e+00
2566.0 0.0000000000e+00
2575.0 0.0000000000e+00
2584.0 0.0000000000e+00
2593.0 0.0000000000e+00
2602.0 0.0000000000e+00
2611.0 0.0000000000e+00
2620.0 0.0000000000e+00
2629.0 0.0000000000e+00
2638.0 0.0000000000e+00
2647.0 0.0000000000e+00
2656.0 0.0000000000e+00
2665.0 0.0000000000e+00
2674.0 0.0000000000e+00
2683.0 0.0000000000e+00
2692.0 0.0000000000e+00
2701.0 0.0000000000e+00
2710.0 0.0000000000e+00
2719.0 0.0000000000e+00
2728.0 0.0000000000e+00
2737.0 0.0000000000e+00
2746.0 0.0000000000e+00
2755.0 0.0000000000e+00
2764.0 0.0000000000e+00
2773.0 0.0000000000e+00
2782.0 0.0000000000e+00
2791.0 0.0000000000e+00
2800.0 0.0000000000e+00
2809.0 0.0000000000e+00
2818.0 0.0000000000e+00
2827.0 0.0000000000e+00
2836.0 0.0000000000e+00
2845.0 0.0000000000e+00
2854.0 0.0000000000e+00
2863.0 0.0000000000e+00
2872.0 0.0000000000e+00
2881.0 0.0000000000e+00
2890.0 0.0000000000e+00
2899.0 0.0000000000e+00
2908.0 0.0000000000e+00
2917.0 0.0000000000e+00
2926.0 0.0000000000e+00
2935.0 0.0000000000e+00
2944.0 0.0000000000e+00
2953.0 0.0000000000e+00
2962.0 0.0000000000e+00
2971.0 0.0000000000e+00
2980.0 0.0000000000e+00
2989.0 0.0000000000e+00
2998.0 0.0000000000e+00
3007.0 0.0000000000e+00
3016.0 0.0000000000e+00
3025.0 0.0000000000e+00
3034.0 0.0000000000e+00
3043.0 0.0000000000e+00
3052.0 0.0000000000e+00
3061.0 0.0000000000e+00
3070.0 0.0000000000e+00
3079.0 0.0000000000e+00
3088.0 0.0000000000e+00
3097.0 0.0000000000e+00
3106.0 0.0000000000e+00
3115.0 0.0000000000e+00
3124.0 0.0000000000e+00
3133.0 0.0000000000e+00
3142.0 0.0000000000e+00
3151.0 0.0000000000e+00
3160.0 0.0000000000e+00
3169.0 0.0000000000e+00
3178.0 0.0000000000e+00
3187.0 0.0000000000e+00
3196.0 0.0000000000e+00
3205.0 0.0000000000e+00
3214.0 0.0000000000e+00
3223.0 0.0000000000e+00
3232.0 0.0000000000e+00
3241.0 0.0000000000e+00
3250.0 0.0000000000e+00
3259.0 0.0000000000e+00
3268.0 0.0000000000e+00
3277.0 0.0000000000e+00
3286.0 0.0000000000e+00
3295.0 0.0000000000e+00
3304.0 0.0000000000e+00
3313.0 0.0000000000e+00
3322.0 0.0000000000e+00
3331.0 0.0000000000e+00
3340.0 1.8418476967e-306
3349.0 3.0441311495e-298
3358.0 3.8210715463e-290
3367.0 3.6481481580e-282
3376.0 2.6885962391e-274
3385.0 1.5653426958e-266
3394.0 6.9343319032e-259
3403.0 2.3474229808e-251
3412.0 6.2327832382e-244
3421.0 1.2700455936e-236
3430.0 1.9912604006e-229
3439.0 2.4005304216e-222
3448.0 2.2506862534e-215
3457.0 1.6280253627e-208
3466.0 9.0783276074e-202
3475.0 3.8959781719e-195
3484.0 1.2940197532e-188
3493.0 3.3137468090e-182
3502.0 6.5459004575e-176
3511.0 9.9807101718e-170
3520.0 1.1734942725e-163
3529.0 1.0671585375e-157
3538.0 7.4859375847e-152
3547.0 4.0514579697e-146
3556.0 1.6924013476e-140
3565.0 5.4561473442e-135
3574.0 1.3574416887e-129
3583.0 2.6073542590e-124
3592.0 3.8652250291e-119
3601.0 4.4243456003e-114
3610.0 3.9125677897e-109
3619.0 2.6739870804e-104
3628.0 1.4111828502e-99
3637.0 5.7468435084e-95
3646.0 1.8059810973e-90
3655.0 4.3819778137e-86
3664.0 8.3675183360e-82
3673.0 1.2617492755e-77
3682.0 1.4658464827e-73
3691.0 1.3125356231e-69
3700.0 9.0593869670e-66
3709.0 4.8211964619e-62
3718.0 1.9785782639e-58
3727.0 6.2626386621e-55
3736.0 1.5291498024e-51
3745.0 2.8805362205e-48
3754.0 4.1871281792e-45
3763.0 4.6968336952e-42
3772.0 4.0661777759e-39
3781.0 2.7171610590e-36
3790.0 1.4019514827e-33
3799.0 5.5883130844e-31
3808.0 1.7216418651e-28
3817.0 4.0997899242e-26
3826.0 7.5454437391e-24
3835.0 1.0732644606e-21
3844.0 1.1802880806e-19
3853.0 1.0038962321e-17
3862.0 6.6073493554e-16
3871.0 3.3664801818e-14
3880.0 1.3286160835e-12
3889.0 4.0642428563e-11
3898.0 9.6435855160e-10
3907.0 1.7766785797e-08
3916.0 2.5443024599e-07
3925.0 2.8362830140e-06
3934.0 2.4658192442e-05
3943.0 1.6759243546e-04
3952.0 8.9335475148e-04
3961.0 3.7507793246e-03
3970.0 1.2477224830e-02
3979.0 3.3159530886e-02
3988.0 7.1220252249e-02
3997.0 1.2568846814e-01
4006.0 1.8689283054e-01
4015.0 2.4105301020e-01
4024.0 2.7912089968e-01
4033.0 3.0138166637e-01
4042.0 3.1340518179e-01
4051.0 3.2066622418e-01
4060.0 3.2625983398e-01
4069.0 3.3140954559e-01
4078.0 3.3642308206e-01
4087.0 3.4136758838e-01
4096.0 3.4624809027e-01
4105.0 3.5110195303e-01
4114.0 3.5590388776e-01
4123.0 3.6065774134e-01
4132.0 3.6534956671e-01
4141.0 3.6999055523e-01
4150.0 3.7456808606e-01
4159.0 3.7907544915e-01
4168.0 3.8352687252e-01
4177.0 3.8788900903e-01
4186.0 3.9216597187e-01
4195.0 3.9611139379e-01
4204.0 3.9881810714e-01
4213.0 3.9743850154e-01
4222.0 3.8569934651e-01
4231.0 3.5450708990e-01
4240.0 2.9757932135e-01
4249.0 2.1972510318e-01
4258.0 1.3805257831e-01
4267.0 7.1928032876e-02
4276.0 3.0493015750e-02
4285.0 1.0377917142e-02
4294.0 2.8086488504e-03
4303.0 6.0033450531e-04
4312.0 1.0084578667e-04
4321.0 1.3264781120e-05
4330.0 1.3626107807e-06
4339.0 1.0909691285e-07
4348.0 6.7966291499e-09
4357.0 3.2905298878e-10
4366.0 1.2367678572e-11
4375.0 3.6057746284e-13
4384.0 8.1486632748e-15
4393.0 1.4267051127e-16
4402.0 1.9343454197e-18
4411.0 2.0302366068e-20
4420.0 1.6489225911e-22
4429.0 1.0358745929e-24
4438.0 5.0358723643e-27
4447.0 1.8926198750e-29
4456.0 5.4996131213e-32
4465.0 1.2354162088e-34
4474.0 2.1450084897e-37
4483.0 2.8781505916e-40
4492.0 2.9841254911e-43
4501.0 2.3902352415e-46
4510.0 1.4792270138e-49
4519.0 7.0719178427e-53
4528.0 2.6115003637e-56
4537.0 7.4485775536e-60
4546.0 1.6407159331e-63
4555.0 2.7911297973e-67
4564.0 3.6664856184e-71
4573.0 3.7191164530e-75
4582.0 2.9129030246e-79
4591.0 1.7616967839e-83
4600.0 8.2267473495e-88
4609.0 2.9664040671e-92
4618.0 8.2589418989e-97
4627.0 1.7754464751e-101
4636.0 2.9469589721e-106
4645.0 3.7764337687e-111
4654.0 3.7360168718e-116
4663.0 2.8527556845e-121
4672.0 1.6814125858e-126
4681.0 7.6496498465e-132
4690.0 2.6863015265e-137
4699.0 7.2813943467e-143
4708.0 1.5235643365e-148
4717.0 2.4605838668e-154
4726.0 3.0673485472e-160
4735.0 2.9512638627e-166
4744.0 2.1912147527e-172
4753.0 1.2550934798e-178
4762.0 5.5469972278e-185
4771.0 1.8933309462e-191
4780.0 4.9926280694e-198
4789.0 1.0167695856e-204
4798.0 1.5983400346e-211
4807.0 1.9392983202e-218
4816.0 1.8158778070e-225
4825.0 1.3121590097e-232
4834.0 7.3178843578e-240
4843.0 3.1498505396e-247
4852.0 1.0462995860e-254
4861.0 2.6821097365e-262
4870.0 5.3052712807e-270
4879.0 8.0984826886e-278
4888.0 9.5387785176e-286
4897.0 8.6701707137e-294
4906.0 6.0822419009e-302
4915.0 3.2931594176e-310
4924.0 0.0000000000e+00
4933.0 0.0000000000e+00
4942.0 0.0000000000e+00
4951.0 0.0000000000e+00
4960.0 0.0000000000e+00
4969.0 0.0000000000e+00
4978.0 0.0000000000e+00
4987.0 0.0000000000e+00
4996.0 0.0000000000e+00
5005.0 0.0000000000e+00
5014.0 0.0000000000e+00
5023.0 0.0000000000e+00
5032.0 0.0000000000e+00
5041.0 0.0000000000e+00
5050.0 0.0000000000e+00
5059.0 0.0000000000e+00
5068.0 0.0000000000e+00
5077.0 0.0000000000e+00
5086.0 0.0000000000e+00
5095.0 0.0000000000e+00
5104.0 0.0000000000e+00
5113.0 0.0000000000e+00
5122.0 0.0000000000e+00
5131.0 0.0000000000e+00
5140.0 0.0000000000e+00
5149.0 0.0000000000e+00
5158.0 0.0000000000e+00
5167.0 0.0000000000e+00
5176.0 0.0000000000e+00
5185.0 0.0000000000e+00
5194.0 0.0000000000e+00
5203.0 0.0000000000e+00
5212.0 0.0000000000e+00
5221.0 0.0000000000e+00
5230.0 0.0000000000e+00
5239.0 0.0000000000e+00
5248.0 0.0000000000e+00
5257.0 0.0000000000e+00
5266.0 0.0000000000e+00
5275.0 0.0000000000e+00
5284.0 0.0000000000e+00
5293.0 0.0000000000e+00
5302.0 0.0000000000e+00
5311.0 0.0000000000e+00
5320.0 0.0000000000e+00
5329.0 0.0000000000e+00
5338.0 0.0000000000e+00
5347.0 0.0000000000e+00
5356.0 0.0000000000e+00
5365.0 0.0000000000e+00
5374.0 0.0000000000e+00
5383.0 0.0000000000e+00
5392.0 0.0000000000e+00
5401.0 0.0000000000e+00
5410.0 0.0000000000e+00
5419.0 0.0000000000e+00
5428.0 0.0000000000e+00
5437.0 0.0000000000e+00
5446.0 0.0000000000e+00
5455.0 0.0000000000e+00
5464.0 0.0000000000e+00
5473.0 0.0000000000e+00
5482.0 0.0000000000e+00
5491.0 0.0000000000e+00
5500.0 0.0000000000e+00
5509.0 0.0000000000e+00
5518.0 0.0000000000e+00
5527.0 0.0000000000e+00
5536.0 0.0000000000e+00
5545.0 0.0000000000e+00
5554.0 0.0000000000e+00
5563.0 0.0000000000e+00
5572.0 0.0000000000e+00
5581.0 0.0000000000e+00
5590.0 0.0000000000e+00
5599.0 0.0000000000e+00
5608.0 0.0000000000e+00
5617.0 0.0000000000e+00
5626.0 0.0000000000e+00
5635.0 0.0000000000e+00
5644.0 0.0000000000e+00
5653.0 0.0000000000e+00
5662.0 0.0000000000e+00
5671.0 0.0000000000e+00
5680.0 0.0000000000e+00
5689.0 0.0000000000e+00
5698.0 0.0000000000e+00
5707.0 0.0000000000e+00
5716.0 0.0000000000e+00
5725.0 0.0000000000e+00
5734.0 0.0000000000e+00
5743.0 0.0000000000e+00
5752.0 0.0000000000e+00
5761.0 0.0000000000e+00
5770.0 0.0000000000e+00
5779.0 0.0000000000e+00
5788.0 0.0000000000e+00
5797.0 0.0000000000e+00
5806.0 0.0000000000e+00
5815.0 0.0000000000e+00
5824.0 0.0000000000e+00
5833.0 0.0000000000e+00
5842.0 0.0000000000e+00
5851.0 0.0000000000e+00
5860.0 0.0000000000e+00
5869.0 0.0000000000e+00
5878.0 0.0000000000e+00
5887.0 0.0000000000e+00
5896.0 0.0000000000e+00
5905.0 0.0000000000e+00
5914.0 0.0000000000e+00
5923.0 0.0000000000e+00
5932.0 0.0000000000e+00
5941.0 0.0000000000e+00
5950.0 0.0000000000e+00
5959.0 0.0000000000e+00
5968.0 0.0000000000e+00
5977.0 0.0000000000e+00
5986.0 0.0000000000e+00
5995.0 0.0000000000e+00
6004.0 0.0000000000e+00
6013.0 0.0000000000e+00
6022.0 0.0000000000e+00
6031.0 0.0000000000e+00
6040.0 0.0000000000e+00
6049.0 0.0000000000e+00
6058.0 0.0000000000e+00
6067.0 0.0000000000e+00
6076.0 0.0000000000e+00
6085.0 0.0000000000e+00
6094.0 0.0000000000e+00
6103.0 0.0000000000e+00
6112.0 0.0000000000e+00
6121.0 0.0000000000e+00
6130.0 0.0000000000e+00
6139.0 0.0000000000e+00
6148.0 0.0000000000e+00
6157.0 0.0000000000e+00
6166.0 0.0000000000e+00
6175.0 0.0000000000e+00
6184.0 0.0000000000e+00
6193.0 0.0000000000e+00
6202.0 0.0000000000e+00
6211.0 0.0000000000e+00
6220.0 0.0000000000e+00
6229.0 0.0000000000e+00
6238.0 0.0000000000e+00
6247.0 0.0000000000e+00
6256.0 0.0000000000e+00
6265.0 0.0000000000e+00
6274.0 0.0000000000e+00
6283.0 0.0000000000e+00
6292.0 0.0000000000e+00
6301.0 0.0000000000e+00
6310.0 0.0000000000e+00
6319.0 0.0000000000e+00
6328.0 0.0000000000e+00
6337.0 0.0000000000e+00
6346.0 0.0000000000e+00
6355.0 0.0000000000e+00
6364.0 0.0000000000e+00
6373.0 0.0000000000e+00
6382.0 0.0000000000e+00
6391.0 0.0000000000e+00
6400.0 0.0000000000e+00
6409.0 0.0000000000e+00
6418.0 0.0000000000e+00
6427.0 0.0000000000e+00
6436.0 0.0000000000e+00
6445.0 0.0000000000e+00
6454.0 0.0000000000e+00
6463.0 0.0000000000e+00
6472.0 0.0000000000e+00
6481.0 0.0000000000e+00
6490.0 0.0000000000e+00
6499.0 0.0000000000e+00
6508.0 0.0000000000e+00
6517.0 0.0000000000e+00
6526.0 0.0000000000e+00
6535.0 0.0000000000e+00
6544.0 0.0000000000e+00
6553.0 0.0000000000e+00
6562.0 0.0000000000e+00
6571.0 0.0000000000e+00
6580.0 0.0000000000e+00
6589.0 0.0000000000e+00
6598.0 0.0000000000e+00
6607.0 0.0000000000e+00
6616.0 0.0000000000e+00
6625.0 0.0000000000e+00
6634.0 0.0000000000e+00
6643.0 0.0000000000e+00
6652.0 0.0000000000e+00
6661.0 0.0000000000e+00
6670.0 0.0000000000e+00
6679.0 0.0000000000e+00
6688.0 0.0000000000e+00
6697.0 0.0000000000e+00
6706.0 0.0000000000e+00
6715.0 0.0000000000e+00
6724.0 0.0000000000e+00
6733.0 0.0000000000e+00
6742.0 0.0000000000e+00
6751.0 0.0000000000e+00
6760.0 0.0000000000e+00
6769.0 0.0000000000e+00
6778.0 0.0000000000e+00
6787.0 0.0000000000e+00
6796.0 0.0000000000e+00
6805.0 0.0000000000e+00
6814.0 0.0000000000e+00
6823.0 0.0000000000e+00
6832.0 0.0000000000e+00
6841.0 0.0000000000e+00
6850.0 0.0000000000e+00
6859.0 0.0000000000e+00
6868.0 0.0000000000e+00
6877.0 0.0000000000e+00
6886.0 0.0000000000e+00
6895.0 0.0000000000e+00
6904.0 0.0000000000e+00
6913.0 0.0000000000e+00
6922.0 0.0000000000e+00
6931.0 0.0000000000e+00
6940.0 0.0000000000e+00
6949.0 0.0000000000e+00
6958.0 0.0000000000e+00
6967.0 0.0000000000e+00
6976.0 0.0000000000e+00
6985.0 0.0000000000e+00
6994.0 0.0000000000e+00
7003.0 0.0000000000e+00
7012.0 0.0000000000e+00
7021.0 0.0000000000e+00
7030.0 0.0000000000e+00
7039.0 0.0000000000e+00
7048.0 0.0000000000e+00
7057.0 0.0000000000e+00
7066.0 0.0000000000e+00
7075.0 0.0000000000e+00
7084.0 0.0000000000e+00
7093.0 0.0000000000e+00
7102.0 0.0000000000e+00
7111.0 0.0000000000e+00
7120.0 0.0000000000e+00
7129.0 0.0000000000e+00
7138.0 0.0000000000e+00
7147.0 0.0000000000e+00
7156.0 0.0000000000e+00
7165.0 0.0000000000e+00
7174.0 0.0000000000e+00
7183.0 0.0000000000e+00
7192.0 0.0000000000e+00
7201.0 0.0000000000e+00
7210.0 0.0000000000e+00
7219.0 0.0000000000e+00
7228.0 0.0000000000e+00
7237.0 0.0000000000e+00
7246.0 0.0000000000e+00
7255.0 0.0000000000e+00
7264.0 0.0000000000e+00
7273.0 0.0000000000e+00
7282.0 0.0000000000e+00
7291.0 0.0000000000e+00
7300.0 0.0000000000e+00
7309.0 0.0000000000e+00
7318.0 0.0000000000e+00
7327.0 0.0000000000e+00
7336.0 0.0000000000e+00
7345.0 0.0000000000e+00
7354.0 0.0000000000e+00
7363.0 0.0000000000e+00
7372.0 0.0000000000e+00
7381.0 0.0000000000e+00
7390.0 0.0000000000e+00
7399.0 0.0000000000e+00
7408.0 0.0000000000e+00
7417.0 0.0000000000e+00
7426.0 0.0000000000e+00
7435.0 0.0000000000e+00
7444.0 0.0000000000e+00
7453.0 0.0000000000e+00
7462.0 0.0000000000e+00
7471.0 0.0000000000e+00
7480.0 0.0000000000e+00
7489.0 0.0000000000e+00
7498.0 0.0000000000e+00
7507.0 0.0000000000e+00
7516.0 0.0000000000e+00
7525.0 0.0000000000e+00
7534.0 0.0000000000e+00
7543.0 0.0000000000e+00
7552.0 0.0000000000e+00
7561.0 0.0000000000e+00
7570.0 0.0000000000e+00
7579.0 0.0000000000e+00
7588.0 0.0000000000e+00
7597.0 0.0000000000e+00
7606.0 0.0000000000e+00
7615.0 0.0000000000e+00
7624.0 0.0000000000e+00
7633.0 0.0000000000e+00
7642.0 0.0000000000e+00
7651.0 0.0000000000e+00
7660.0 0.0000000000e+00
7669.0 0.0000000000e+00
7678.0 0.0000000000e+00
7687.0 0.0000000000e+00
7696.0 0.0000000000e+00
7705.0 0.0000000000e+00
7714.0 0.0000000000e+00
7723.0 0.0000000000e+00
7732.0 0.0000000000e+00
7741.0 0.0000000000e+00
7750.0 0.0000000000e+00
7759.0 0.0000000000e+00
7768.0 0.0000000000e+00
7777.0 0.0000000000e+00
7786.0 0.0000000000e+00
7795.0 0.0000000000e+00
7804.0 0.0000000000e+00
7813.0 0.0000000000e+00
7822.0 0.0000000000e+00
7831.0 0.0000000000e+00
7840.0 0.0000000000e+00
7849.0 0.0000000000e+00
7858.0 0.0000000000e+00
7867.0 0.0000000000e+00
7876.0 0.0000000000e+00
7885.0 0.0000000000e+00
7894.0 0.0000000000e+00
7903.0 0.0000000000e+00
7912.0 0.0000000000e+00
7921.0 0.0000000000e+00
7930.0 0.0000000000e+00
7939.0 0.0000000000e+00
7948.0 0.0000000000e+00
7957.0 0.0000000000e+00
7966.0 0.0000000000e+00
7975.0 0.0000000000e+00
7984.0 0.0000000000e+00
7993.0 0.0000000000e+00
8002.0 0.0000000000e+00
8011.0 0.0000000000e+00
8020.0 0.0000000000e+00
8029.0 0.0000000000e+00
8038.0 0.0000000000e+00
8047.0 0.0000000000e+00
8056.0 0.0000000000e+00
8065.0 0.0000000000e+00
8074.0 0.0000000000e+00
8083.0 0.0000000000e+00
8092.0 0.0000000000e+00
8101.0 0.0000000000e+00
8110.0 0.0000000000e+00
8119.0 0.0000000000e+00
8128.0 0.0000000000e+00
8137.0 0.0000000000e+00
8146.0 0.0000000000e+00
8155.0 0.0000000000e+00
8164.0 0.0000000000e+00
8173.0 0.0000000000e+00
8182.0 0.0000000000e+00
8191.0 0.0000000000e+00
8200.0 0.0000000000e+00
8209.0 0.0000000000e+00
8218.0 0.0000000000e+00
8227.0 0.0000000000e+00
8236.0 0.0000000000e+00
8245.0 0.0000000000e+00
8254.0 0.0000000000e+00
8263.0 0.0000000000e+00
8272.0 0.0000000000e+00
8281.0 0.0000000000e+00
8290.0 0.0000000000e+00
8299.0 0.0000000000e+00
8308.0 0.0000000000e+00
8317.0 0.0000000000e+00
8326.0 0.0000000000e+00
8335.0 0.0000000000e+00
8344.0 0.0000000000e+00
8353.0 0.0000000000e+00
8362.0 0.0000000000e+00
8371.0 0.0000000000e+00
8380.0 0.0000000000e+00
8389.0 0.0000000000e+00
8398.0 0.0000000000e+00
8407.0 0.0000000000e+00
8416.0 0.0000000000e+00
8425.0 0.0000000000e+00
8434.0 0.0000000000e+00
8443.0 0.0000000000e+00
8452.0 0.0000000000e+00
8461.0 0.0000000000e+00
8470.0 0.0000000000e+00
8479.0 0.0000000000e+00
8488.0 0.0000000000e+00
8497.0 0.0000000000e+00
8506.0 0.0000000000e+00
8515.0 0.0000000000e+00
8524.0 0.0000000000e+00
8533.0 0.0000000000e+00
8542.0 0.0000000000e+00
8551.0 0.0000000000e+00
8560.0 0.0000000000e+00
8569.0 0.0000000000e+00
8578.0 0.0000000000e+00
8587.0 0.0000000000e+00
8596.0 0.0000000000e+00
8605.0 0.0000000000e+00
8614.0 0.0000000000e+00
8623.0 0.0000000000e+00
8632.0 0.0000000000e+00
8641.0 0.0000000000e+00
8650.0 0.0000000000e+00
8659.0 0.0000000000e+00
8668.0 0.0000000000e+00
8677.0 0.0000000000e+00
8686.0 0.0000000000e+00
8695.0 0.0000000000e+00
8704.0 0.0000000000e+00
8713.0 0.0000000000e+00
8722.0 0.0000000000e+00
8731.0 0.0000000000e+00
8740.0 0.0000000000e+00
8749.0 0.0000000000e+00
8758.0 0.0000000000e+00
8767.0 0.0000000000e+00
8776.0 0.0000000000e+00
8785.0 0.0000000000e+00
8794.0 0.0000000000e+00
8803.0 0.0000000000e+00
8812.0 0.0000000000e+00
8821.0 0.0000000000e+00
8830.0 0.0000000000e+00
8839.0 0.0000000000e+00
8848.0 0.0000000000e+00
8857.0 0.0000000000e+00
8866.0 0.0000000000e+00
8875.0 0.0000000000e+00
8884.0 0.0000000000e+00
8893.0 0.0000000000e+00
8902.0 0.0000000000e+00
8911.0 0.0000000000e+00
8920.0 0.0000000000e+00
8929.0 0.0000000000e+00
8938.0 0.0000000000e+00
8947.0 0.0000000000e+00
8956.0 0.0000000000e+00
8965.0 0.0000000000e+00
8974.0 0.0000000000e+00
8983.0 0.0000000000e+00
8992.0 0.0000000000e+00
9001.0 0.0000000000e+00
9010.0 0.0000000000e+00
9019.0 0.0000000000e+00
9028.0 0.0000000000e+00
9037.0 0.0000000000e+00
9046.0 0.0000000000e+00
9055.0 0.0000000000e+00
9064.0 0.0000000000e+00
9073.0 0.0000000000e+00
9082.0 0.0000000000e+00
9091.0 0.0000000000e+00
9100.0 0.0000000000e+00
9109.0 0.0000000000e+00
9118.0 0.0000000000e+00
9127.0 0.0000000000e+00
9136.0 0.0000000000e+00
9145.0 0.0000000000e+00
9154.0 0.0000000000e+00
9163.0 0.0000000000e+00
9172.0 0.0000000000e+00
9181.0 0.0000000000e+00
9190.0 0.0000000000e+00
9199.0 0.0000000000e+00
9208.0 0.0000000000e+00
9217.0 0.0000000000e+00
9226.0 0.0000000000e+00
9235.0 0.0000000000e+00
9244.0 0.0000000000e+00
9253.0 0.0000000000e+00
9262.0 0.0000000000e+00
9271.0 0.0000000000e+00
9280.0 0.0000000000e+00
9289.0 0.0000000000e+00
9298.0 0.0000000000e+00
9307.0 0.0000000000e+00
9316.0 0.0000000000e+00
9325.0 0.0000000000e+00
9334.0 0.0000000000e+00
9343.0 0.0000000000e+00
9352.0 0.0000000000e+00
9361.0 0.0000000000e+00
9370.0 0.0000000000e+00
9379.0 0.0000000000e+00
9388.0 0.0000000000e+00
9397.0 0.0000000000e+00
9406.0 0.0000000000e+00
9415.0 0.0000000000e+00
9424.0 0.0000000000e+00
9433.0 0.0000000000e+00
9442.0 0.0000000000e+00
9451.0 0.0000000000e+00
9460.0 0.0000000000e+00
9469.0 0.0000000000e+00
9478.0 0.0000000000e+00
9487.0 0.0000000000e+00
9496.0 0.0000000000e+00
9505.0 0.0000000000e+00
9514.0 0.0000000000e+00
9523.0 0.0000000000e+00
9532.0 0.0000000000e+00
9541.0 0.0000000000e+00
9550.0 0.0000000000e+00
9559.0 0.0000000000e+00
9568.0 0.0000000000e+00
9577.0 0.0000000000e+00
9586.0 0.0000000000e+00
9595.0 0.0000000000e+00
9604.0 0.0000000000e+00
9613.0 0.0000000000e+00
9622.0 0.0000000000e+00
9631.0 0.0000000000e+00
9640.0 0.0000000000e+00
9649.0 0.0000000000e+00
9658.0 0.0000000000e+00
9667.0 0.0000000000e+00
9676.0 0.0000000000e+00
9685.0 0.0000000000e+00
9694.0 0.0000000000e+00
9703.0 0.0000000000e+00
9712.0 0.0000000000e+00
9721.0 0.0000000000e+00
9730.0 0.0000000000e+00
9739.0 0.0000000000e+00
9748.0 0.0000000000e+00
9757.0 0.0000000000e+00
9766.0 0.0000000000e+00
9775.0 0.0000000000e+00
9784.0 0.0000000000e+00
9793.0 0.0000000000e+00
9802.0 0.0000000000e+00
9811.0 0.0000000000e+00
9820.0 0.0000000000e+00
9829.0 0.0000000000e+00
9838.0 0.0000000000e+00
9847.0 0.0000000000e+00
9856.0 0.0000000000e+00
9865.0 0.0000000000e+00
9874.0 0.0000000000e+00
9883.0 0.0000000000e+00
9892.0 0.0000000000e+00
9901.0 0.0000000000e+00
9910.0 0.0000000000e+00
9919.0 0.0000000000e+00
9928.0 0.0000000000e+00
9937.0 0.0000000000e+00
9946.0 0.0000000000e+00
9955.0 0.0000000000e+00
9964.0 0.0000000000e+00
9973.0 0.0000000000e+00
9982.0 0.0000000000e+00
9991.0 0.0000000000e+00
10000.0 0.0000000000e+00
